{
  "Cargo":[{
      "PTW":[733,805],
      "DTW":[733,1325],
      "DP":{
        "Pid":27,
        "region":12,
        "id":4,
        "draftlimit":8.5,
        "y":55.66,
        "x":21.14,
        "name":"KLAIPEDA",
        "cargo":1,
        "TW":[733,1325],
        "time":[12,12],
        "cost":[33442,33442],
        "size":-7624
      },
      "maxsize":24000,
      "id":1,
      "CCost":821842,
      "PP":{
        "Pid":29,
        "region":2,
        "id":3,
        "draftlimit":8.5,
        "y":28.14,
        "x":-15.42,
        "name":"LAS PALMAS",
        "cargo":1,
        "TW":[733,805],
        "time":[8,8],
        "cost":[27780,27780],
        "size":7624
      },
      "size":7624
    },{
      "PTW":[495,567],
      "DTW":[495,933],
      "DP":{
        "Pid":21,
        "region":10,
        "id":6,
        "draftlimit":8.5,
        "y":38.52,
        "x":-8.87,
        "name":"SETUBAL",
        "cargo":2,
        "TW":[495,933],
        "time":[19,19],
        "cost":[33333,33333],
        "size":-16603
      },
      "maxsize":24000,
      "id":2,
      "CCost":410083,
      "PP":{
        "Pid":4,
        "region":2,
        "id":5,
        "draftlimit":8.5,
        "y":37.59,
        "x":-0.98,
        "name":"CARTAGENA",
        "cargo":2,
        "TW":[495,567],
        "time":[18,18],
        "cost":[32228,32228],
        "size":16603
      },
      "size":16603
    },{
      "PTW":[126,198],
      "DTW":[126,684],
      "DP":{
        "Pid":14,
        "region":7,
        "id":8,
        "draftlimit":8.5,
        "y":51.05,
        "x":2.36,
        "name":"DUNKIRK",
        "cargo":3,
        "TW":[126,684],
        "time":[15,15],
        "cost":[35560,35560],
        "size":-11074
      },
      "maxsize":24000,
      "id":3,
      "CCost":522609,
      "PP":{
        "Pid":11,
        "region":2,
        "id":7,
        "draftlimit":8.5,
        "y":37.21,
        "x":-6.94,
        "name":"HUELVA",
        "cargo":3,
        "TW":[126,198],
        "time":[13,13],
        "cost":[32578,32578],
        "size":11074
      },
      "size":11074
    },{
      "PTW":[166,238],
      "DTW":[166,648],
      "DP":{
        "Pid":6,
        "region":5,
        "id":10,
        "draftlimit":8.5,
        "y":51.28,
        "x":4.32,
        "name":"ANTWERP",
        "cargo":4,
        "TW":[166,648],
        "time":[18,18],
        "cost":[35228,35228],
        "size":-14427
      },
      "maxsize":24000,
      "id":4,
      "CCost":517998,
      "PP":{
        "Pid":9,
        "region":6,
        "id":9,
        "draftlimit":8.5,
        "y":59.45,
        "x":24.77,
        "name":"TALLINN",
        "cargo":4,
        "TW":[166,238],
        "time":[15,15],
        "cost":[29715,29715],
        "size":14427
      },
      "size":14427
    },{
      "PTW":[495,567],
      "DTW":[495,966],
      "DP":{
        "Pid":11,
        "region":2,
        "id":12,
        "draftlimit":8.5,
        "y":37.21,
        "x":-6.94,
        "name":"HUELVA",
        "cargo":5,
        "TW":[495,966],
        "time":[17,17],
        "cost":[32578,32578],
        "size":-12457
      },
      "maxsize":24000,
      "id":5,
      "CCost":502205,
      "PP":{
        "Pid":36,
        "region":13,
        "id":11,
        "draftlimit":8.5,
        "y":44.27,
        "x":8.45,
        "name":"VADO LIGURE",
        "cargo":5,
        "TW":[495,567],
        "time":[20,20],
        "cost":[36508,36508],
        "size":12457
      },
      "size":12457
    },{
      "PTW":[0,72],
      "DTW":[0,518],
      "DP":{
        "Pid":6,
        "region":5,
        "id":14,
        "draftlimit":8.5,
        "y":51.28,
        "x":4.32,
        "name":"ANTWERP",
        "cargo":6,
        "TW":[0,518],
        "time":[22,22],
        "cost":[35228,35228],
        "size":-20145
      },
      "maxsize":24000,
      "id":6,
      "CCost":314016,
      "PP":{
        "Pid":1,
        "region":1,
        "id":13,
        "draftlimit":8.5,
        "y":53.33,
        "x":8.49,
        "name":"BRAKE",
        "cargo":6,
        "TW":[0,72],
        "time":[23,23],
        "cost":[36903,36903],
        "size":20145
      },
      "size":20145
    },{
      "PTW":[228,300],
      "DTW":[228,718],
      "DP":{
        "Pid":37,
        "region":13,
        "id":16,
        "draftlimit":8.5,
        "y":44.46,
        "x":12.24,
        "name":"RAVENNA",
        "cargo":7,
        "TW":[228,718],
        "time":[18,18],
        "cost":[34440,34440],
        "size":-12245
      },
      "maxsize":24000,
      "id":7,
      "CCost":584986,
      "PP":{
        "Pid":10,
        "region":2,
        "id":15,
        "draftlimit":8.5,
        "y":36.14,
        "x":-5.44,
        "name":"ALGECIRAS",
        "cargo":7,
        "TW":[228,300],
        "time":[14,14],
        "cost":[27643,27643],
        "size":12245
      },
      "size":12245
    },{
      "PTW":[460,532],
      "DTW":[460,1034],
      "DP":{
        "Pid":39,
        "region":13,
        "id":18,
        "draftlimit":8.5,
        "y":44.4,
        "x":8.92,
        "name":"GENOA",
        "cargo":8,
        "TW":[460,1034],
        "time":[13,13],
        "cost":[31205,31205],
        "size":-10034
      },
      "maxsize":24000,
      "id":8,
      "CCost":472084,
      "PP":{
        "Pid":11,
        "region":2,
        "id":17,
        "draftlimit":8.5,
        "y":37.21,
        "x":-6.94,
        "name":"HUELVA",
        "cargo":8,
        "TW":[460,532],
        "time":[13,13],
        "cost":[32578,32578],
        "size":10034
      },
      "size":10034
    }],
  "scale":1.5,
  "inPortCost":[[{
        "DT":12,
        "DC":33442,
        "PC":27780,
        "PT":8
      },{
        "DT":19,
        "DC":33333,
        "PC":32228,
        "PT":18
      },{
        "DT":15,
        "DC":35560,
        "PC":32578,
        "PT":13
      },{
        "DT":18,
        "DC":35228,
        "PC":29715,
        "PT":15
      },{
        "DT":17,
        "DC":32578,
        "PC":36508,
        "PT":20
      },{
        "DT":22,
        "DC":35228,
        "PC":36903,
        "PT":23
      },{
        "DT":18,
        "DC":34440,
        "PC":27643,
        "PT":14
      },{
        "DT":13,
        "DC":31205,
        "PC":32578,
        "PT":13
      }],[{
        "DT":12,
        "DC":33442,
        "PC":27780,
        "PT":8
      },{
        "DT":19,
        "DC":33333,
        "PC":32228,
        "PT":18
      },{
        "DT":15,
        "DC":35560,
        "PC":32578,
        "PT":13
      },{
        "DT":18,
        "DC":35228,
        "PC":29715,
        "PT":15
      },{
        "DT":17,
        "DC":32578,
        "PC":36508,
        "PT":20
      },{
        "DT":22,
        "DC":35228,
        "PC":36903,
        "PT":23
      },{
        "DT":18,
        "DC":34440,
        "PC":27643,
        "PT":14
      },{
        "DT":13,
        "DC":31205,
        "PC":32578,
        "PT":13
      }]],
  "Speedlimit":[14,20],
  "NoV":2,
  "NoC":8,
  "Port":[{
      "Pid":8,
      "region":1,
      "id":1,
      "draftlimit":8.5,
      "y":53.54,
      "x":9.97,
      "name":"HAMBURG",
      "TW":[31,31],
      "time":[0,0],
      "cost":[0,0],
      "size":0
    },{
      "Pid":13,
      "region":7,
      "id":2,
      "draftlimit":8.5,
      "y":47.3,
      "x":-2.14,
      "name":"MONTOIR DE BRETAGNE",
      "TW":[0,0],
      "time":[0,0],
      "cost":[0,0],
      "size":0
    },{
      "Pid":29,
      "region":2,
      "id":3,
      "draftlimit":8.5,
      "y":28.14,
      "x":-15.42,
      "name":"LAS PALMAS",
      "cargo":1,
      "TW":[733,805],
      "time":[8,8],
      "cost":[27780,27780],
      "size":7624
    },{
      "Pid":27,
      "region":12,
      "id":4,
      "draftlimit":8.5,
      "y":55.66,
      "x":21.14,
      "name":"KLAIPEDA",
      "cargo":1,
      "TW":[733,1325],
      "time":[12,12],
      "cost":[33442,33442],
      "size":-7624
    },{
      "Pid":4,
      "region":2,
      "id":5,
      "draftlimit":8.5,
      "y":37.59,
      "x":-0.98,
      "name":"CARTAGENA",
      "cargo":2,
      "TW":[495,567],
      "time":[18,18],
      "cost":[32228,32228],
      "size":16603
    },{
      "Pid":21,
      "region":10,
      "id":6,
      "draftlimit":8.5,
      "y":38.52,
      "x":-8.87,
      "name":"SETUBAL",
      "cargo":2,
      "TW":[495,933],
      "time":[19,19],
      "cost":[33333,33333],
      "size":-16603
    },{
      "Pid":11,
      "region":2,
      "id":7,
      "draftlimit":8.5,
      "y":37.21,
      "x":-6.94,
      "name":"HUELVA",
      "cargo":3,
      "TW":[126,198],
      "time":[13,13],
      "cost":[32578,32578],
      "size":11074
    },{
      "Pid":14,
      "region":7,
      "id":8,
      "draftlimit":8.5,
      "y":51.05,
      "x":2.36,
      "name":"DUNKIRK",
      "cargo":3,
      "TW":[126,684],
      "time":[15,15],
      "cost":[35560,35560],
      "size":-11074
    },{
      "Pid":9,
      "region":6,
      "id":9,
      "draftlimit":8.5,
      "y":59.45,
      "x":24.77,
      "name":"TALLINN",
      "cargo":4,
      "TW":[166,238],
      "time":[15,15],
      "cost":[29715,29715],
      "size":14427
    },{
      "Pid":6,
      "region":5,
      "id":10,
      "draftlimit":8.5,
      "y":51.28,
      "x":4.32,
      "name":"ANTWERP",
      "cargo":4,
      "TW":[166,648],
      "time":[18,18],
      "cost":[35228,35228],
      "size":-14427
    },{
      "Pid":36,
      "region":13,
      "id":11,
      "draftlimit":8.5,
      "y":44.27,
      "x":8.45,
      "name":"VADO LIGURE",
      "cargo":5,
      "TW":[495,567],
      "time":[20,20],
      "cost":[36508,36508],
      "size":12457
    },{
      "Pid":11,
      "region":2,
      "id":12,
      "draftlimit":8.5,
      "y":37.21,
      "x":-6.94,
      "name":"HUELVA",
      "cargo":5,
      "TW":[495,966],
      "time":[17,17],
      "cost":[32578,32578],
      "size":-12457
    },{
      "Pid":1,
      "region":1,
      "id":13,
      "draftlimit":8.5,
      "y":53.33,
      "x":8.49,
      "name":"BRAKE",
      "cargo":6,
      "TW":[0,72],
      "time":[23,23],
      "cost":[36903,36903],
      "size":20145
    },{
      "Pid":6,
      "region":5,
      "id":14,
      "draftlimit":8.5,
      "y":51.28,
      "x":4.32,
      "name":"ANTWERP",
      "cargo":6,
      "TW":[0,518],
      "time":[22,22],
      "cost":[35228,35228],
      "size":-20145
    },{
      "Pid":10,
      "region":2,
      "id":15,
      "draftlimit":8.5,
      "y":36.14,
      "x":-5.44,
      "name":"ALGECIRAS",
      "cargo":7,
      "TW":[228,300],
      "time":[14,14],
      "cost":[27643,27643],
      "size":12245
    },{
      "Pid":37,
      "region":13,
      "id":16,
      "draftlimit":8.5,
      "y":44.46,
      "x":12.24,
      "name":"RAVENNA",
      "cargo":7,
      "TW":[228,718],
      "time":[18,18],
      "cost":[34440,34440],
      "size":-12245
    },{
      "Pid":11,
      "region":2,
      "id":17,
      "draftlimit":8.5,
      "y":37.21,
      "x":-6.94,
      "name":"HUELVA",
      "cargo":8,
      "TW":[460,532],
      "time":[13,13],
      "cost":[32578,32578],
      "size":10034
    },{
      "Pid":39,
      "region":13,
      "id":18,
      "draftlimit":8.5,
      "y":44.4,
      "x":8.92,
      "name":"GENOA",
      "cargo":8,
      "TW":[460,1034],
      "time":[13,13],
      "cost":[31205,31205],
      "size":-10034
    }],
  "casename":"SHORTSEA_SUN_C8_V2_HO_2.txt",
  "NoP":39,
  "VRD":[[1,"ShortDryBulk13",13200,7.3,0.0002],[2,"ShortDryBulk16",16500,6.7,0.0002],[3,"ShortDryBulk24",24000,7.6,0.0001],[4,"ShortDryBulk33",33200,6.6,0.0001],[5,"ShortDryBulk5",5800,7.8,0.0002],[6,"ShortDryBulk2",2950,7.9,0.0002],[7,"ShortDryBulk3",3570,7.7,0.0002]],
  "Vessel":[{
      "draftchange":0.0001,
      "totalfuel":3910.5795922417,
      "id":1,
      "cost":[[0,53783.077027329,14341,100694,49910,17647,16021,5663,39512,87356,82562,47417,43837,17784,20834,15998,24430,50656,20752,71686,73091,15670,14353,15670,73754,20048,28014,33292,108894,52534,59593,5677,85223,135660,164664,133455,178042,173692,134513],[53783.077027329,0,41641,61231,38234,40763,38054,55520,89369,47892,43098,10346,13497,36043,49325,39113,74287,91942,62762,32223,33628,65527,64210,65527,34291,37858,77871,23462,69431,2318,20129,49685,45760,96197,125200,93991,138579,134229,95049],[14118.057719674,41681.88469618,0,89064,38280,5511,3888,16589,50439,75725,70931,35787,32207,5810,15143,3862,35356,55045,25424,60056,61461,26596,25280,26596,62124,8953,38940,21662,97264,40904,47962,10755,73593,124030,153033,121824,166412,162062,122882],[100843.26942624,61850.538581428,89064,0,84168,88185,85477,102943,136792,13660,19771,66639,66734,83465,96747,86536,121710,138903,110184,30315,29287,112949,111633,112949,27401,85281,125294,70276,52496,58994,42796,97108,17203,35580,65363,33375,78462,74112,34433],[50421.634713121,38320.442381972,38280,84168,0,37450,34744,52159,86008,70830,66035,32380,28800,32754,41191,35800,70925,60736,40610,55160,56565,62165,60849,62165,57228,34497,74510,16978,92290,37487,43067,46324,68697,119134,148138,116929,161516,157166,117987],[17479.500033882,41009.596233338,5511,88185,37450,0,2708,19896,53745,74847,70053,34908,31328,4751,16883,1649,38663,58029,28492,59177,60582,29902,28586,29902,61245,8633,42247,20832,96385,40025,47084,14061,72714,123151,152155,120946,165533,161183,122004],[16134.923108199,38320.442381972,3888,85477,34744,2708,0,18269,52118,72139,67344,32200,28620,2042,14809,1059,37036,56310,26801,56469,57874,28276,26960,28276,58537,6009,40620,18126,93677,37317,44376,12435,70006,120443,149446,118237,162825,158475,119296],[5378.3077027329,55799.942415854,16589,102943,52159,19896,18269,0,38211,89604,84810,49666,46086,20033,22920,18247,23129,51799,21895,73935,75340,14369,13053,14369,76003,22297,26714,35541,111143,54782,61841,7926,87472,137909,166912,135703,180290,175940,136761],[39665.019307655,90086.654020776,50439,136792,86008,53745,52118,38211,0,123453,118659,83515,79935,53882,56769,52096,21770,79570,49666,107784,109189,29398,28082,29398,109852,56146,16189,69390,144992,88632,95690,41775,121321,171758,200761,169552,214140,209790,170610],[88069.788632251,48404.769324596,75725,13660,70830,74847,72139,89604,123453,0,6433,53301,53395,70127,83409,73198,108371,125565,96846,16976,15949,99611,98295,99611,14063,71943,111955,56938,39195,45656,29458,83769,3864,48626,77640,46420,91008,86657,47478],[82691.480929518,43026.461621863,70931,19771,66035,70053,67344,84810,118659,6433,0,48506,48601,65333,78615,68404,103577,120771,92051,12182,11155,94817,93501,94817,9268,67148,107161,52144,38757,40862,24664,78975,2990,54738,83741,52532,97120,92769,53590],[47732.480861754,10084.326942624,35787,66639,32380,34908,32200,49666,83515,53301,48506,0,5083,30188,43470,33259,68433,86088,56907,37631,39036,59672,58356,59672,39699,32004,72017,17608,74839,10963,25538,43831,51168,101605,130609,99400,143987,139637,100458],[44371.038547546,13445.769256832,32207,66734,28800,31328,28620,46086,79935,53395,48601,5083,0,26608,39890,29679,64852,82508,53327,37726,39131,56092,54776,56092,39794,28424,68437,14028,74934,13553,25632,40251,51263,101700,130703,99494,144082,139731,100552],[18151.788496724,36303.576993447,5810,83465,32754,4751,2042,20033,53882,70127,65333,30188,26608,0,15108,3101,38800,57440,28073,54457,55862,30039,28723,30039,56525,4629,42384,16136,91665,35305,42364,14198,67994,118431,147435,116226,160813,156463,117284],[20840.94234809,49749.346250279,15143,96747,41191,16883,14809,22920,56769,83409,78615,43470,39890,15108,0,15234,41687,47449,19893,67739,69145,32927,31610,32927,69808,15294,45271,29346,104948,48587,55646,17752,81276,131714,160717,129508,174095,169745,130566],[16134.923108199,38992.730844813,3862,86536,35800,1649,1059,18247,52096,73198,68404,33259,29679,3101,15234,0,37013,56380,26843,57528,58933,28253,26937,28253,59596,6983,40598,19183,94736,38376,45435,12412,71065,121502,150505,119296,163884,159534,120355],[24874.67312514,74624.019375419,35356,121710,70925,38663,37036,23129,21770,108371,103577,68433,64852,38800,41687,37013,0,64740,34836,92702,94107,15041,13725,15041,94770,41064,6424,54308,129910,73549,80608,26693,106239,156676,185679,154470,199057,194707,155528],[51093.923175963,92103.519409301,55045,138903,60736,58029,56310,51799,79570,125565,120771,86088,82508,57440,47449,56380,64740,0,31103,109895,111300,55702,54386,55702,111963,57912,68254,71963,145813,91204,97802,50365,123432,173869,202873,171664,216251,211901,172722],[20840.94234809,63195.115507112,25424,110184,40610,28492,26801,21895,49666,96846,92051,56907,53327,28073,19893,26843,34836,31103,0,81176,82581,25798,24482,25798,83244,28773,38350,42782,118384,62024,69083,20466,94713,145150,174154,142945,187532,183182,144003],[71934.865524052,32269.846216397,60056,30315,55160,59177,56469,73935,107784,16976,12182,37631,37726,54457,67739,57528,92702,109895,81176,0,2646,83941,82625,83941,3309,56273,96286,41268,39714,29986,13788,68100,14844,65281,94284,63075,107663,103313,64133],[73279.442449736,33614.423142081,61461,29287,56565,60582,57874,75340,109189,15949,11155,39036,39131,55862,69145,58933,94107,111300,82581,2646,0,85347,84030,85347,1925,57678,97691,42673,39402,31391,15194,69505,13816,64253,93257,62048,106635,102285,63106],[15462.634645357,65884.269358478,26596,112949,62165,29902,28276,14369,29398,99611,94817,59672,56092,30039,32927,28253,15041,55702,25798,83941,85347,0,1556,0,86010,32303,18194,45548,121149,64789,71848,17932,97478,147915,176919,145710,190297,185947,146768],[14118.057719674,64539.692432795,25280,111633,60849,28586,26960,13053,28082,98295,93501,58356,54776,28723,31610,26937,13725,54386,24482,82625,84030,1556,0,1556,84693,30987,16877,44231,119833,63473,70532,16616,96162,146599,175603,144394,188981,184631,145452],[15462.634645357,65884.269358478,26596,112949,62165,29902,28276,14369,29398,99611,94817,59672,56092,30039,32927,28253,15041,55702,25798,83941,85347,0,1556,0,86010,32303,18194,45548,121149,64789,71848,17932,97478,147915,176919,145710,190297,185947,146768],[73951.730912577,34286.711604922,62124,27401,57228,61245,58537,76003,109852,14063,9268,39699,39794,56525,69808,59596,94770,111963,83244,3309,1925,86010,84693,86010,0,58341,98354,43336,37759,32054,15857,70168,11930,62367,91370,60161,104749,100399,61219],[20168.653885248,38320.442381972,8953,85281,34497,8633,6009,22297,56146,71943,67148,32004,28424,4629,15294,6983,41064,57912,28773,56273,57678,32303,30987,32303,58341,0,44648,17879,93481,37121,44180,16462,69810,120247,149251,118042,162629,158279,119100],[28236.115439348,77985.461689627,38940,125294,74510,42247,40620,26714,16189,111955,107161,72017,68437,42384,45271,40598,6424,68254,38350,96286,97691,18194,16877,18194,98354,44648,0,57892,133494,77134,84192,30277,109823,160260,189263,158054,202642,198291,159112],[33614.423142081,23530.096199456,21662,70276,16978,20832,18126,35541,69390,56938,52144,17608,14028,16136,29346,19183,54308,71963,42782,41268,42673,45548,44231,45548,43336,17879,57892,0,78476,22725,29175,29706,54805,105242,134245,103036,147624,143274,104095],[109583.01944318,69918.000135528,97264,52496,92290,96385,93677,111143,144992,39195,38757,74839,74934,91665,104948,94736,129910,145813,118384,39714,39402,121149,119833,121149,37759,93481,133494,78476,0,67194,51356,105308,38323,87462,116445,85257,129842,125492,86315],[53110.788564487,2016.8653885248,40904,58994,37487,40025,37317,54782,88632,45656,40862,10963,13553,35305,48587,38376,73549,91204,62024,29986,31391,64789,63473,64789,32054,37121,77134,22725,67194,0,17893,48948,43523,93960,122963,91754,136342,131992,92813],[59833.673192903,20168.653885248,47962,42796,43067,47084,44376,61841,95690,29458,24664,25538,25632,42364,55646,45435,80608,97802,69083,13788,15194,71848,70532,71848,15857,44180,84192,29175,51356,17893,0,56006,27326,77763,106766,75557,120144,115794,76615],[5378.3077027329,49749.346250279,10755,97108,46324,14061,12435,7926,41775,83769,78975,43831,40251,14198,17752,12412,26693,50365,20466,68100,69505,17932,16616,17932,70168,16462,30277,29706,105308,48948,56006,0,81637,132074,161077,129868,174456,170106,130926],[85380.634780885,45715.61547323,73593,17203,68697,72714,70006,87472,121321,3864,2990,51168,51263,67994,81276,71065,106239,123432,94713,14844,13816,97478,96162,97478,11930,69810,109823,54805,38323,43523,27326,81637,0,52169,81172,49963,94551,90201,51021],[136474.55795685,96809.538649192,124030,35580,119134,123151,120443,137909,171758,48626,54738,101605,101700,118431,131714,121502,156676,173869,145150,65281,64253,147915,146599,147915,62367,120247,160260,105242,87462,93960,77763,132074,52169,0,45439,3409,58502,54151,2421],[165382.96185904,125717.94255138,153033,65363,148138,152155,149446,166912,200761,77640,83741,130609,130703,147435,160717,150505,185679,202873,174154,94284,93257,176919,175603,176919,91370,149251,189263,134245,116445,122963,106766,161077,81172,45439,0,47948,36510,32160,47488],[133785.40410548,94120.384797826,121824,33375,116929,120946,118237,135703,169552,46420,52532,99400,99494,116226,129508,119296,154470,171664,142945,63075,62048,145710,144394,145710,60161,118042,158054,103036,85257,91754,75557,129868,49963,3409,47948,0,61010,56660,1221],[178828.73111587,139163.71180821,166412,78462,161516,165533,162825,180290,214140,91008,97120,143987,144082,160813,174095,163884,199057,216251,187532,107663,106635,190297,188981,190297,104749,162629,202642,147624,129842,136342,120144,174456,94551,58502,36510,61010,0,4463,60551],[174795.00033882,135129.98103116,162062,74112,157166,161183,158475,175940,209790,86657,92769,139637,139731,156463,169745,159534,194707,211901,183182,103313,102285,185947,184631,185947,100399,158279,198291,143274,125492,131992,115794,170106,90201,54151,32160,56660,4463,0,56201],[135129.98103116,95464.961723509,122882,34433,117987,122004,119296,136761,170610,47478,53590,100458,100552,117284,130566,120355,155528,172722,144003,64133,63106,146768,145452,146768,61219,119100,159112,104095,86315,92813,76615,130926,51021,2421,47488,1221,60551,56201,0]],
      "draft":7.6,
      "avai":[1,2,3,4,5,6,7,8],
      "HP":{
        "Pid":8,
        "region":1,
        "id":1,
        "draftlimit":8.5,
        "y":53.54,
        "x":9.97,
        "name":"HAMBURG",
        "TW":[31,31],
        "time":[0,0],
        "cost":[0,0],
        "size":0
      },
      "totaldis":22003.7,
      "totaltime":1750,
      "cap":24000,
