{
  "Cargo":[{
      "PTW":[950,1022],
      "id":1,
      "DP":{
        "cargo":1,
        "region":13,
        "id":5,
        "draftlimit":8.5,
        "y":44.46,
        "x":12.24,
        "name":"RAVENNA",
        "Pid":37,
        "TW":[950,1849],
        "cost":[34440,34440,34440],
        "time":[26,26,26],
        "size":-18967
      },
      "maxsize":24000,
      "DTW":[950,1849],
      "CCost":1004235,
      "PP":{
        "cargo":1,
        "region":8,
        "id":4,
        "draftlimit":8.5,
        "y":54.4,
        "x":18.72,
        "name":"GDANSK",
        "Pid":17,
        "TW":[950,1022],
        "cost":[29168,29168,29168],
        "time":[23,23,23],
        "size":18967
      },
      "size":18967
    },{
      "PTW":[120,192],
      "id":2,
      "DP":{
        "cargo":2,
        "region":13,
        "id":7,
        "draftlimit":8.5,
        "y":44.27,
        "x":8.45,
        "name":"VADO LIGURE",
        "Pid":36,
        "TW":[120,1276],
        "cost":[36508,36508,36508],
        "time":[41,41,41],
        "size":-15991
      },
      "maxsize":24000,
      "DTW":[120,1276],
      "CCost":531014,
      "PP":{
        "cargo":2,
        "region":2,
        "id":6,
        "draftlimit":8.5,
        "y":36.54,
        "x":-6.28,
        "name":"CADIZ",
        "Pid":33,
        "TW":[120,192],
        "cost":[29190,29190,29190],
        "time":[36,36,36],
        "size":15991
      },
      "size":15991
    },{
      "PTW":[182,254],
      "id":3,
      "DP":{
        "cargo":3,
        "region":12,
        "id":9,
        "draftlimit":8.5,
        "y":55.66,
        "x":21.14,
        "name":"KLAIPEDA",
        "Pid":27,
        "TW":[182,557],
        "cost":[33442,33442,33442],
        "time":[29,29,29],
        "size":-19455
      },
      "maxsize":24000,
      "DTW":[182,557],
      "CCost":433691,
      "PP":{
        "cargo":3,
        "region":8,
        "id":8,
        "draftlimit":8.5,
        "y":54.4,
        "x":18.72,
        "name":"GDANSK",
        "Pid":17,
        "TW":[182,254],
        "cost":[29168,29168,29168],
        "time":[26,26,26],
        "size":19455
      },
      "size":19455
    },{
      "PTW":[10,82],
      "id":4,
      "DP":{
        "cargo":4,
        "region":1,
        "id":11,
        "draftlimit":8.5,
        "y":53.33,
        "x":8.49,
        "name":"BRAKE",
        "Pid":1,
        "TW":[10,418],
        "cost":[36903,36903,36903],
        "time":[37,37,37],
        "size":-16482
      },
      "maxsize":24000,
      "DTW":[10,418],
      "CCost":332624,
      "PP":{
        "cargo":4,
        "region":5,
        "id":10,
        "draftlimit":8.5,
        "y":51.28,
        "x":4.32,
        "name":"ANTWERP",
        "Pid":6,
        "TW":[10,82],
        "cost":[35228,35228,35228],
        "time":[36,36,36],
        "size":16482
      },
      "size":16482
    },{
      "PTW":[891,963],
      "id":5,
      "DP":{
        "cargo":5,
        "region":2,
        "id":13,
        "draftlimit":8.5,
        "y":36.54,
        "x":-6.28,
        "name":"CADIZ",
        "Pid":33,
        "TW":[891,1483],
        "cost":[29190,29190,29190],
        "time":[26,26,26],
        "size":-19006
      },
      "maxsize":24000,
      "DTW":[891,1483],
      "CCost":607551,
      "PP":{
        "cargo":5,
        "region":13,
        "id":12,
        "draftlimit":8.5,
        "y":43.63,
        "x":13.5,
        "name":"ANCONA",
        "Pid":38,
        "TW":[891,963],
        "cost":[36977,36977,36977],
        "time":[31,31,31],
        "size":19006
      },
      "size":19006
    },{
      "PTW":[968,1040],
      "id":6,
      "DP":{
        "cargo":6,
        "region":13,
        "id":15,
        "draftlimit":8.5,
        "y":43.63,
        "x":13.5,
        "name":"ANCONA",
        "Pid":38,
        "TW":[968,1534],
        "cost":[36977,36977,36977],
        "time":[42,42,42],
        "size":-18219
      },
      "maxsize":24000,
      "DTW":[968,1534],
      "CCost":564230,
      "PP":{
        "cargo":6,
        "region":2,
        "id":14,
        "draftlimit":8.5,
        "y":36.14,
        "x":-5.44,
        "name":"ALGECIRAS",
        "Pid":10,
        "TW":[968,1040],
        "cost":[27643,27643,27643],
        "time":[36,36,36],
        "size":18219
      },
      "size":18219
    },{
      "PTW":[672,744],
      "id":7,
      "DP":{
        "cargo":7,
        "region":5,
        "id":17,
        "draftlimit":8.5,
        "y":51.28,
        "x":4.32,
        "name":"ANTWERP",
        "Pid":6,
        "TW":[672,1093],
        "cost":[35228,35228,35228],
        "time":[28,28,28],
        "size":-13658
      },
      "maxsize":24000,
      "DTW":[672,1093],
      "CCost":744295,
      "PP":{
        "cargo":7,
        "region":4,
        "id":16,
        "draftlimit":8.5,
        "y":51.46,
        "x":0.36,
        "name":"TILBURY",
        "Pid":26,
        "TW":[672,744],
        "cost":[35600,35600,35600],
        "time":[28,28,28],
        "size":13658
      },
      "size":13658
    },{
      "PTW":[480,552],
      "id":8,
      "DP":{
        "cargo":8,
        "region":14,
        "id":19,
        "draftlimit":8.5,
        "y":38.22,
        "x":22.95,
        "name":"THISVI",
        "Pid":35,
        "TW":[480,1123],
        "cost":[31468,31468,31468],
        "time":[35,35,35],
        "size":-9644
      },
      "maxsize":24000,
      "DTW":[480,1123],
      "CCost":832949,
      "PP":{
        "cargo":8,
        "region":7,
        "id":18,
        "draftlimit":8.5,
        "y":51.05,
        "x":2.36,
        "name":"DUNKIRK",
        "Pid":14,
        "TW":[480,552],
        "cost":[35560,35560,35560],
        "time":[37,37,37],
        "size":9644
      },
      "size":9644
    },{
      "PTW":[176,248],
      "id":9,
      "DP":{
        "cargo":9,
        "region":13,
        "id":21,
        "draftlimit":8.5,
        "y":44.27,
        "x":8.45,
        "name":"VADO LIGURE",
        "Pid":36,
        "TW":[176,695],
        "cost":[36508,36508,36508],
        "time":[29,29,29],
        "size":-23085
      },
      "maxsize":24000,
      "DTW":[176,695],
      "CCost":571763,
      "PP":{
        "cargo":9,
        "region":2,
        "id":20,
        "draftlimit":8.5,
        "y":42.25,
        "x":-8.71,
        "name":"VIGO",
        "Pid":31,
        "TW":[176,248],
        "cost":[34897,34897,34897],
        "time":[28,28,28],
        "size":23085
      },
      "size":23085
    },{
      "PTW":[980,1052],
      "id":10,
      "DP":{
        "cargo":10,
        "region":9,
        "id":23,
        "draftlimit":8.5,
        "y":66.33,
        "x":14.14,
        "name":"MO I RANA",
        "Pid":18,
        "TW":[980,1505],
        "cost":[33370,33370,33370],
        "time":[23,23,23],
        "size":-18465
      },
      "maxsize":24000,
      "DTW":[980,1505],
      "CCost":763539,
      "PP":{
        "cargo":10,
        "region":6,
        "id":22,
        "draftlimit":8.5,
        "y":59.45,
        "x":24.77,
        "name":"TALLINN",
        "Pid":9,
        "TW":[980,1052],
        "cost":[29715,29715,29715],
        "time":[21,21,21],
        "size":18465
      },
      "size":18465
    },{
      "PTW":[307,379],
      "id":11,
      "DP":{
        "cargo":11,
        "region":4,
        "id":25,
        "draftlimit":8.5,
        "y":53.43,
        "x":-3.02,
        "name":"LIVERPOOL",
        "Pid":5,
        "TW":[307,755],
        "cost":[31820,31820,31820],
        "time":[32,32,32],
        "size":-13837
      },
      "maxsize":24000,
      "DTW":[307,755],
      "CCost":473877,
      "PP":{
        "cargo":11,
        "region":5,
        "id":24,
        "draftlimit":8.5,
        "y":51.34,
        "x":3.2,
        "name":"ZEEBRUGGE",
        "Pid":7,
        "TW":[307,379],
        "cost":[33962,33962,33962],
        "time":[33,33,33],
        "size":13837
      },
      "size":13837
    },{
      "PTW":[1250,1322],
      "id":12,
      "DP":{
        "cargo":12,
        "region":9,
        "id":27,
        "draftlimit":8.5,
        "y":66.33,
        "x":14.14,
        "name":"MO I RANA",
        "Pid":18,
        "TW":[1250,1780],
        "cost":[33370,33370,33370],
        "time":[26,26,26],
        "size":-15879
      },
      "maxsize":24000,
      "DTW":[1250,1780],
      "CCost":769378,
      "PP":{
        "cargo":12,
        "region":10,
        "id":26,
        "draftlimit":8.5,
        "y":37.95,
        "x":-8.87,
        "name":"SINES",
        "Pid":25,
        "TW":[1250,1322],
        "cost":[33340,33340,33340],
        "time":[26,26,26],
        "size":15879
      },
      "size":15879
    },{
      "PTW":[296,368],
      "id":13,
      "DP":{
        "cargo":13,
        "region":8,
        "id":29,
        "draftlimit":8.5,
        "y":54.4,
        "x":18.72,
        "name":"GDANSK",
        "Pid":17,
        "TW":[296,900],
        "cost":[29168,29168,29168],
        "time":[36,36,36],
        "size":-18201
      },
      "maxsize":24000,
      "DTW":[296,900],
      "CCost":808801,
      "PP":{
        "cargo":13,
        "region":13,
        "id":28,
        "draftlimit":8.5,
        "y":44.4,
        "x":8.92,
        "name":"GENOA",
        "Pid":39,
        "TW":[296,368],
        "cost":[31205,31205,31205],
        "time":[38,38,38],
        "size":18201
      },
      "size":18201
    },{
      "PTW":[597,669],
      "id":14,
      "DP":{
        "cargo":14,
        "region":13,
        "id":31,
        "draftlimit":8.5,
        "y":44.11,
        "x":9.84,
        "name":"LA SPEZIA",
        "Pid":34,
        "TW":[597,1100],
        "cost":[30418,30418,30418],
        "time":[23,23,23],
        "size":-21597
      },
      "maxsize":24000,
      "DTW":[597,1100],
      "CCost":579969,
      "PP":{
        "cargo":14,
        "region":2,
        "id":30,
        "draftlimit":8.5,
        "y":43.35,
        "x":-3.03,
        "name":"BILBAO",
        "Pid":2,
        "TW":[597,669],
        "cost":[31683,31683,31683],
        "time":[24,24,24],
        "size":21597
      },
      "size":21597
    }],
  "scale":1.5,
  "Vessel":[{
      "draftchange":0.0001,
      "totalfuel":3910.5795922417,
      "dis":[[0,1007.0517711095,264.35108991623,1888.8698597952,936.2374590579,331.03150550981,300.53016092099,106.22946765468,741.1864252113,1638.6687932972,1548.7404747493,889.47248239127,822.31700045524,333.60142199731,390.81489124449,300.09871508732,458.27050941263,950.23131088033,389.27669305489,1344.7228709682,1371.078583851,293.94592232894,269.24095872286,293.94592232894,1383.5154789693,376.07069884177,525.50102540669,624.50846497607,2042.6896787548,985.45980112498,1117.8761550318,106.49208685778,1598.6568818532,2544.7800780564,3088.8520328253,2503.4175535679,3339.8034399036,3258.2039017969,2523.2640619166],[1007.0517711095,0,780.46512260983,1148.6026017947,717.213043671,764.65332685989,713.83651105969,1041.4727254437,1676.4296830003,898.38277678223,808.45445823437,194.07559109223,253.18367030464,676.11313838557,925.26372807115,733.7017779229,1393.5137672016,1724.6953408275,1177.3218875053,604.4556129678,630.81132585051,1229.189180118,1204.4842165119,1229.189180118,643.24822096883,710.15984221627,1460.7442831957,440.11226736959,1302.4224207543,43.482236627854,377.59013851686,932.01679329377,858.38962385273,1804.512820056,2348.5660163103,1763.1315370529,2599.5361819031,2517.9366437965,1782.9780454016],[264.35108991623,780.46512260983,0,1670.7083360756,718.07593533834,103.37817344957,72.93310440427,311.18499716112,946.16071323225,1420.4885110631,1330.5601925152,671.31095867171,604.15547673568,108.98696928725,284.06018518361,72.445383027081,663.22603891908,1032.5624310527,476.91647283286,1126.5613472487,1152.9170601314,498.90145183538,474.21524674381,498.90145183538,1165.3539552497,167.9449803836,730.45655491314,406.34694125651,1824.5281550352,767.29827740542,899.69587279774,201.7478235257,1380.4953581336,2326.6185543368,2870.6717505912,2285.2372713338,3121.641916184,3040.0423780774,2305.0837796825],[1888.2220708302,1158.1095367759,1674.2235694695,0,1578.866649048,1654.2196018237,1603.421544538,1931.057758922,2566.0147164786,256.24130816932,370.87459032326,1250.04864825,1251.8307071282,1565.6794133494,1814.830003035,1623.2868114012,2283.09880068,2605.6139406035,2066.8881624692,568.66436728792,549.38061437445,2118.7554550818,2094.0692499902,2118.7554550818,514.00205601374,1599.7448756946,2350.329316674,1318.273365513,984.7469775737,1106.639804842,802.78938685317,1821.6018267721,322.70272506858,667.42794616871,1226.1127837388,626.06542168017,1471.8305652695,1390.2310271629,645.91193002887],[944.11103541512,717.52438691549,717.52438691549,1578.866649048,0,702.5063682973,651.74582804063,978.42535818475,1613.3823157414,1328.66558255,1238.7185054876,607.40069974544,540.24521780941,614.41638417116,772.681971069,671.55481936031,1330.4476414282,1139.3171371136,761.78327414028,1034.7196602211,1061.0753731038,1166.1230543445,1141.4368492529,1166.1230543445,1073.5122682221,647.11247495733,1397.6969159368,318.48205930445,1731.2233038761,703.20043333407,807.87294428464,868.96942603483,1288.653671106,2234.7768673092,2778.8488220781,2193.4143428207,3029.8002291564,2948.2006910498,2213.2608511694],[327.29182561058,767.87697547097,100.70517711095,1654.2196018237,702.5063682973,0,50.79805728569,373.21940463667,1008.1763621933,1404.0185353257,1314.0902167779,654.82222441982,587.66674248379,89.121702424045,316.70000042626,30.93279042249,725.26044639462,1088.5378383424,534.46759534117,1110.0726129968,1136.4283258795,560.91710079642,536.23089570485,560.91710079642,1148.8652209978,161.94225574127,792.49096238868,390.77737421547,1808.0394207833,750.80954315353,883.22589706035,263.76347248674,1364.0066238817,2310.1298200849,2854.2017748538,2268.7672955964,3105.1531819321,3023.5536438255,2288.6138039451],[302.11553133284,717.52438691549,75.52888283321,1603.421544538,651.74582804063,50.79805728569,0,342.69930153334,977.65625908996,1353.22047804,1263.2734009777,604.02416713413,536.8686851981,38.304886623848,277.79484133818,19.8652668632,694.74034329129,1056.2919519044,502.74694730937,1059.2745557111,1085.6302685938,530.4157562076,505.72955111603,530.4157562076,1098.0671637121,112.71991367419,761.97085928535,340.0168339588,1757.2413634976,700.01148586784,832.42783977466,233.26212789792,1313.208566596,2259.3317627993,2803.3849590536,2217.9504797962,3054.3551246464,2972.7555865398,2237.8157466594],[100.70517711095,1044.8162125261,314.70367847171,1931.057758922,978.42535818475,373.21940463667,342.69930153334,0,716.78159783734,1680.8379339095,1590.9096153617,931.66038151813,864.5048995821,375.78932112416,429.94515250665,342.28661421418,433.86568203867,971.67229296214,410.7176751367,1386.9107700951,1413.2664829778,269.54109495498,244.85488986341,269.54109495498,1425.7033780961,418.25859796862,501.11495654724,666.69636410292,2084.8775778816,1027.6289417373,1160.0452956442,148.67998598463,1640.84478098,2586.9679771833,3131.0211734376,2545.5866941802,3381.9725805159,3300.3730424093,2565.4332025289],[742.70068119323,1686.8117166084,944.11103541512,2566.0147164786,1613.3823157414,1008.1763621933,977.65625908996,716.78159783734,0,2315.7948914661,2225.8665729183,1566.6173390747,1499.4618571387,1010.7462786808,1064.9021100633,977.2435717708,408.37286082329,1492.6149993436,931.66038151813,2021.8677276517,2048.2234405344,551.46280948476,526.77660439319,551.46280948476,2060.6603356527,1053.2155555252,303.68159135821,1301.6533216595,2719.8345354383,1662.6046578085,1795.0022532008,783.63694354125,2275.8017385366,3221.9249347399,3765.9781309943,3180.5436517368,4016.948296587,3935.3487584804,3200.3901600855],[1649.0472751917,906.34659399852,1422.4606266921,256.24130816932,1328.66558255,1404.0185353257,1353.22047804,1680.8379339095,2315.7948914661,0,120.67352382528,999.84758175206,1001.6108821157,1315.4783468514,1564.628936537,1373.0857449032,2032.8789756675,2355.4128741055,1816.6870959712,318.44454227543,299.17954787647,1868.5543885838,1843.8681834922,1868.5543885838,263.80098951575,1349.5438091966,2100.1094916615,1068.072299015,735.23997611249,856.43873834397,552.58832035519,1571.3820017596,72.482900056096,912.15152643057,1456.4110663445,870.77024342752,1707.1748882777,1625.5565916566,890.61675177622],[1548.3420980808,805.64141688757,1334.34359672,370.87459032326,1238.7185054876,1314.0902167779,1263.2734009777,1590.9096153617,2225.8665729183,120.67352382528,0,909.90050468969,911.68256356788,1225.5500283035,1474.7006179891,1283.1574263554,1942.9506571196,2265.4845555576,1726.7400189088,228.51622372758,209.25122932861,1778.6260700359,1753.9398649444,1778.6260700359,173.85391245339,1259.5967321342,2010.1811731137,978.14398046714,727.02374675831,766.51041979611,462.66000180733,1481.4536832117,56.087958376741,1026.803567099,1570.8567633534,985.42228409597,1821.8269289462,1740.208632325,1005.2687924447],[893.75844685965,188.82220708302,667.17179836002,1250.04864825,607.40069974544,654.82222441982,604.02416713413,931.66038151813,1566.6173390747,999.84758175206,909.90050468969,0,95.349529240459,566.2820359455,815.43262563108,623.88943399733,1283.7014232761,1614.882996902,1067.4907850653,705.90165942312,732.25737230584,1119.3580776779,1094.6718725863,1119.3580776779,744.69426742416,600.3474982907,1350.9319392701,330.29992344403,1403.8684672097,205.64959454321,479.05494348669,822.2044493682,959.83567030805,1905.9588665113,2450.0308212802,1864.5963420227,2700.9822283584,2619.3826902518,1884.4428503714],[830.81771116531,251.76294277737,604.23106266568,1251.8307071282,540.24521780941,587.66674248379,536.8686851981,864.5048995821,1499.4618571387,1001.6108821157,911.68256356788,95.349529240459,0,499.12655400947,748.27714369504,556.7339520613,1216.5271828255,1547.7275149659,1000.3353031292,707.68371830131,734.03943118403,1052.2025957419,1027.5163906503,1052.2025957419,746.47632630235,533.19201635467,1283.7764573341,263.144441508,1405.6505260879,254.23414711705,480.81824385037,755.04896743217,961.61772918624,1907.7409253895,2451.7941216439,1866.3596423864,2702.7642872366,2621.1459906155,1886.2061507351],[339.87997274944,679.75994549889,113.29332424981,1565.6794133494,614.41638417116,89.121702424045,38.304886623848,375.78932112416,1010.7462786808,1315.4783468514,1225.5500283035,566.2820359455,499.12655400947,0,283.40363717585,58.170153487048,727.83036288212,1077.4890732977,526.60777776262,1021.5324245225,1047.8881374052,563.48701728392,538.80081219235,563.48701728392,1060.3250325235,86.833163654158,795.06087887618,302.68739008933,1719.499232309,662.26935467921,794.68570858603,266.33338897424,1275.4664354074,2221.5896316106,2765.6615863795,2180.2271071221,3016.6129934578,2935.0134553512,2200.0736154708],[390.23256130492,931.52288827625,289.52738419397,1814.830003035,772.681971069,316.70000042626,277.79484133818,429.94515250665,1064.9021100633,1564.628936537,1474.7006179891,815.43262563108,748.27714369504,283.40363717585,0,285.76721000377,781.98619426461,890.07275485551,373.16312909314,1270.683014208,1297.0574856053,617.66160718092,592.95664357484,617.66160718092,1309.4943807236,286.8927208742,849.21671025867,550.48736673038,1968.6685805091,911.41994436478,1043.8362982716,333.00114953308,1524.617025093,2470.7589798107,3014.8121760651,2429.3776968077,3265.7635831434,3184.1640450367,2449.2242051564],[302.11553133284,730.11253405436,75.52888283321,1623.2868114012,671.55481936031,30.93279042249,19.8652668632,342.28661421418,977.2435717708,1373.0857449032,1283.1574263554,623.88943399733,556.7339520613,58.170153487048,285.76721000377,0,694.30889745763,1057.6050479199,503.53480491868,1079.1398225743,1105.495535457,529.98431037393,505.29810528236,529.98431037393,1117.9324305753,130.99070680427,761.55817196619,359.84458379298,1777.1066303608,719.87675273104,852.29310663786,232.83068206425,1333.0738334592,2279.1970296625,2823.2502259168,2237.8157466594,3074.2203915096,2992.620853403,2257.6810135226],[465.76144413813,1397.2843324144,667.17179836002,2283.09880068,1330.4476414282,725.26044639462,694.74034329129,433.86568203867,408.37286082329,2032.8789756675,1942.9506571196,1283.7014232761,1216.5271828255,727.83036288212,781.98619426461,694.30889745763,0,1214.4262292007,653.4716113753,1738.951811853,1765.3075247358,282.14681670386,257.4606116123,282.14681670386,1777.7444198541,770.29963972658,120.50469719471,1018.7374058609,2436.9186196396,1379.6699834953,1512.0863374021,500.72102774259,1992.885822738,2939.0090189412,3483.0622151956,2897.6277359382,3734.0136222739,3652.4140841672,2917.4742442869],[956.69918255399,1724.576158025,1032.2280653872,2605.6139406035,1139.3171371136,1088.5378383424,1056.2919519044,971.67229296214,1492.6149993436,2355.4128741055,2265.4845555576,1614.882996902,1547.7275149659,1077.4890732977,890.07275485551,1057.6050479199,1214.4262292007,0,583.44607671965,2061.4669517766,2087.8226646593,1044.886775084,1020.2005699924,1044.886775084,2100.2595597776,1086.3430921451,1280.3436491793,1349.9189794868,2735.2352758487,1710.8515571212,1834.6202358401,944.77258315871,2315.4009626615,3261.5241588647,3805.5961136336,3220.1616343762,4056.5475207119,3974.9479826053,3240.0081427249],[390.23256130492,1183.2858310536,478.349591277,2066.8881624692,761.78327414028,534.46759534117,502.74694730937,410.7176751367,931.66038151813,1816.6870959712,1726.7400189088,1067.4907850653,1000.3353031292,526.60777776262,373.16312909314,503.53480491868,653.4716113753,583.44607671965,0,1522.7411736422,1549.096886525,483.93215725858,459.24595216701,483.93215725858,1561.5337816433,539.73873791771,719.38903135385,802.52676765007,2220.7079814288,1163.478103799,1295.8944577058,383.91175790581,1776.6751845272,2722.7983807304,3266.8703354993,2681.4358562419,3517.8217425776,3436.2222044709,2701.2823645906],[1346.9317438589,604.23106266568,1132.9332424981,568.66436728792,1034.7196602211,1110.0726129968,1059.2745557111,1386.9107700951,2021.8677276517,318.44454227543,228.51622372758,705.90165942312,707.68371830131,1021.5324245225,1270.683014208,1079.1398225743,1738.951811853,2061.4669517766,1522.7411736422,0,49.635029386239,1574.6084662548,1549.9222611633,1574.6084662548,62.07192450456,1055.5978868677,1806.1823278471,774.12637668606,744.97564514176,562.49281601503,258.64239802625,1277.4548379452,278.45138934593,1224.5745855492,1768.6277818035,1183.1933025461,2019.5979473963,1937.9984092897,1203.0398108948],[1372.1080381366,629.40735694341,1158.1095367759,549.38061437445,1061.0753731038,1136.4283258795,1085.6302685938,1413.2664829778,2048.2234405344,299.17954787647,209.25122932861,732.25737230584,734.03943118403,1047.8881374052,1297.0574856053,1105.495535457,1765.3075247358,2087.8226646593,1549.096886525,49.635029386239,0,1600.9829376521,1576.277974046,1600.9829376521,36.110140426497,1081.9535997504,1832.5380407298,800.48208956878,739.1229886155,588.84852889775,285.01686942348,1303.8105508279,259.16763643246,1205.2908326357,1749.3627874046,1163.9283081472,2000.3141944829,1918.7146563762,1183.7748164959],[289.52738419397,1233.6384196091,503.52588555473,2118.7554550818,1166.1230543445,560.91710079642,530.4157562076,269.54109495498,551.46280948476,1868.5543885838,1778.6260700359,1119.3580776779,1052.2025957419,563.48701728392,617.66160718092,529.98431037393,282.14681670386,1044.886775084,483.93215725858,1574.6084662548,1600.9829376521,0,29.188248573314,0,1613.4198327704,605.95629412838,341.29241294529,854.41281877718,2272.5752740414,1215.3453964116,1347.7617503184,336.37768214439,1828.5424771398,2774.665673343,3318.7376281119,2733.3031488545,3569.6890351902,3488.0894970835,2753.1496572032],[264.35108991623,1208.4621253314,478.349591277,2094.0692499902,1141.4368492529,536.23089570485,505.72955111603,244.85488986341,526.77660439319,1843.8681834922,1753.9398649444,1094.6718725863,1027.5163906503,538.80081219235,592.95664357484,505.29810528236,257.4606116123,1020.2005699924,459.24595216701,1549.9222611633,1576.277974046,29.188248573314,0,29.188248573314,1588.7148691643,581.27008903681,316.58744933921,829.70785517111,2247.8890689498,1190.65919132,1323.0755452268,311.69147705282,1803.8562720482,2749.9794682514,3294.0514230203,2708.6169437629,3545.0028300986,3463.403291992,2728.4634521116],[289.52738419397,1233.6384196091,503.52588555473,2118.7554550818,1166.1230543445,560.91710079642,530.4157562076,269.54109495498,551.46280948476,1868.5543885838,1778.6260700359,1119.3580776779,1052.2025957419,563.48701728392,617.66160718092,529.98431037393,282.14681670386,1044.886775084,483.93215725858,1574.6084662548,1600.9829376521,0,29.188248573314,0,1613.4198327704,605.95629412838,341.29241294529,854.41281877718,2272.5752740414,1215.3453964116,1347.7617503184,336.37768214439,1828.5424771398,2774.665673343,3318.7376281119,2733.3031488545,3569.6890351902,3488.0894970835,2753.1496572032],[1384.6961852755,641.99550408228,1170.6976839148,514.00205601374,1073.5122682221,1148.8652209978,1098.0671637121,1425.7033780961,2060.6603356527,263.80098951575,173.85391245339,744.69426742416,746.47632630235,1060.3250325235,1309.4943807236,1117.9324305753,1777.7444198541,2100.2595597776,1561.5337816433,62.07192450456,36.110140426497,1613.4198327704,1588.7148691643,1613.4198327704,0,1094.3904948687,1844.9749358481,812.9189846871,708.30274928005,601.28542401607,297.4537645418,1316.2474459462,223.78907807174,1169.912274275,1713.9654705294,1128.5309912719,1964.9356361221,1883.3360980155,1148.3774996206],[377.64441416605,717.52438691549,163.64591280529,1599.7448756946,647.11247495733,161.94225574127,112.71991367419,418.25859796862,1053.2155555252,1349.5438091966,1259.5967321342,600.3474982907,533.19201635467,86.833163654158,286.8927208742,130.99070680427,770.29963972658,1086.3430921451,539.73873791771,1055.5978868677,1081.9535997504,605.95629412838,581.27008903681,605.95629412838,1094.3904948687,0,837.53015572064,335.3834808755,1753.5646946542,696.33481702441,828.75117093124,308.8026658187,1309.5318977526,2255.6550939558,2799.7270487247,2214.2925694673,3050.678455803,2969.0789176964,2234.139077816],[528.70217983247,1460.2250681087,730.11253405436,2350.329316674,1397.6969159368,792.49096238868,761.97085928535,501.11495654724,303.68159135821,2100.1094916615,2010.1811731137,1350.9319392701,1283.7764573341,795.06087887618,849.21671025867,761.55817196619,120.50469719471,1280.3436491793,719.38903135385,1806.1823278471,1832.5380407298,341.29241294529,316.58744933921,341.29241294529,1844.9749358481,837.53015572064,0,1085.9679218549,2504.1491356337,1446.9192580039,1579.3168533962,567.95154373665,2060.116338732,3006.2395349353,3550.2927311897,2964.8582519322,3801.2628967824,3719.6446001613,2984.7047602809],[629.40735694341,440.58514986039,402.82070844379,1318.273365513,318.48205930445,390.77737421547,340.0168339588,666.69636410292,1301.6533216595,1068.072299015,978.14398046714,330.29992344403,263.144441508,302.68739008933,550.48736673038,359.84458379298,1018.7374058609,1349.9189794868,802.52676765007,774.12637668606,800.48208956878,854.41281877718,829.70785517111,854.41281877718,812.9189846871,335.3834808755,1085.9679218549,0,1472.0931844726,426.28724217774,547.27966074963,557.240431953,1028.060387571,1974.1835837742,2518.2367800286,1932.8023007712,2769.2069456214,2687.6074075148,1952.6675676344],[2051.8679836355,1309.1673024423,1825.2813351359,984.7469775737,1731.2233038761,1808.0394207833,1757.2413634976,2084.8775778816,2719.8345354383,735.23997611249,727.02374675831,1403.8684672097,1405.6505260879,1719.499232309,1968.6685805091,1777.1066303608,2436.9186196396,2735.2352758487,2220.7079814288,744.97564514176,739.1229886155,2272.5752740414,2247.8890689498,2272.5752740414,708.30274928005,1753.5646946542,2504.1491356337,1472.0931844726,0,1260.4596238016,963.36227103542,1975.4216457317,718.88255146215,1640.6571958349,2184.3352217992,1599.2946713464,2435.6430406531,2354.0435025465,1619.1411796951],[994.4636239706,37.764441416605,767.87697547097,1106.639804842,703.20043333407,750.80954315353,700.01148586784,1027.6289417373,1662.6046578085,856.43873834397,766.51041979611,205.64959454321,254.23414711705,662.26935467921,911.41994436478,719.87675273104,1379.6699834953,1710.8515571212,1163.478103799,562.49281601503,588.84852889775,1215.3453964116,1190.65919132,1215.3453964116,601.28542401607,696.33481702441,1446.9192580039,426.28724217774,1260.4596238016,0,335.6461000786,918.19176810191,816.42682689996,1762.5500231032,2306.6032193576,1721.1687401002,2557.5733849504,2475.9738468437,1741.0340069634],[1120.3450953593,377.64441416605,906.34659399852,802.78938685317,807.87294428464,883.22589706035,832.42783977466,1160.0452956442,1795.0022532008,552.58832035519,462.66000180733,479.05494348669,480.81824385037,794.68570858603,1043.8362982716,852.29310663786,1512.0863374021,1834.6202358401,1295.8944577058,258.64239802625,285.01686942348,1347.7617503184,1323.0755452268,1347.7617503184,297.4537645418,828.75117093124,1579.3168533962,547.27966074963,963.36227103542,335.6461000786,0,1050.5893634942,512.59516742569,1458.7183636289,2002.7715598833,1417.3370806259,2253.7229669616,2172.123428855,1437.1835889746],[100.70517711095,931.52288827625,201.41035422189,1821.6018267721,868.96942603483,263.76347248674,233.26212789792,148.67998598463,783.63694354125,1571.3820017596,1481.4536832117,822.2044493682,755.04896743217,266.33338897424,333.00114953308,232.83068206425,500.72102774259,944.77258315871,383.91175790581,1277.4548379452,1303.8105508279,336.37768214439,311.69147705282,336.37768214439,1316.2474459462,308.8026658187,567.95154373665,557.240431953,1975.4216457317,918.19176810191,1050.5893634942,0,1531.3888488301,2477.5120450333,3021.5652412877,2436.1307620303,3272.5354068805,3190.9358687739,2455.977270379],[1598.6946866363,855.99400544304,1384.6961852755,322.70272506858,1288.653671106,1364.0066238817,1313.208566596,1640.84478098,2275.8017385366,72.482900056096,56.087958376741,959.83567030805,961.61772918624,1275.4664354074,1524.617025093,1333.0738334592,1992.885822738,2315.4009626615,1776.6751845272,278.45138934593,259.16763643246,1828.5424771398,1803.8562720482,1828.5424771398,223.78907807174,1309.5318977526,2060.116338732,1028.060387571,718.88255146215,816.42682689996,512.59516742569,1531.3888488301,0,978.61294332983,1522.6661395842,937.23166032679,1773.636305177,1692.0367670704,957.07816867548],[2555.3938691903,1812.693187997,2328.8072206906,667.42794616871,2234.7768673092,2310.1298200849,2259.3317627993,2586.9679771833,3221.9249347399,912.15152643057,1026.803567099,1905.9588665113,1907.7409253895,2221.5896316106,2470.7589798107,2279.1970296625,2939.0090189412,3261.5241588647,2722.7983807304,1224.5745855492,1205.2908326357,2774.665673343,2749.9794682514,2774.665673343,1169.912274275,2255.6550939558,3006.2395349353,1974.1835837742,1640.6571958349,1762.5500231032,1458.7183636289,2477.5120450333,978.61294332983,0,852.36814069589,63.947775955287,1097.4106157044,1015.7923190832,45.414363622103],[3096.6841961616,2353.9835149684,2882.6856948008,1226.1127837388,2778.8488220781,2854.2017748538,2803.3849590536,3131.0211734376,3765.9781309943,1456.4110663445,1570.8567633534,2450.0308212802,2451.7941216439,2765.6615863795,3014.8121760651,2823.2502259168,3483.0622151956,3805.5961136336,3266.8703354993,1768.6277818035,1749.3627874046,3318.7376281119,3294.0514230203,3318.7376281119,1713.9654705294,2799.7270487247,3550.2927311897,2518.2367800286,2184.3352217992,2306.6032193576,2002.7715598833,3021.5652412877,1522.6661395842,852.36814069589,0,899.43325359464,684.87336466047,603.27382655384,890.80433692129],[2505.0412806348,1762.3405994416,2291.042779274,626.06542168017,2193.4143428207,2268.7672955964,2217.9504797962,2545.5866941802,3180.5436517368,870.77024342752,985.42228409597,1864.5963420227,1866.3596423864,2180.2271071221,2429.3776968077,2237.8157466594,2897.6277359382,3220.1616343762,2681.4358562419,1183.1933025461,1163.9283081472,2733.3031488545,2708.6169437629,2733.3031488545,1128.5309912719,2214.2925694673,2964.8582519322,1932.8023007712,1599.2946713464,1721.1687401002,1417.3370806259,2436.1307620303,937.23166032679,63.947775955287,899.43325359464,0,1144.4569700886,1062.857431982,22.904146213378],[3348.447138939,2605.7464577457,3134.4486375782,1471.8305652695,3029.8002291564,3105.1531819321,3054.3551246464,3381.9725805159,4016.948296587,1707.1748882777,1821.8269289462,2700.9822283584,2702.7642872366,3016.6129934578,3265.7635831434,3074.2203915096,3734.0136222739,4056.5475207119,3517.8217425776,2019.5979473963,2000.3141944829,3569.6890351902,3545.0028300986,3569.6890351902,1964.9356361221,3050.678455803,3801.2628967824,2769.2069456214,2435.6430406531,2557.5733849504,2253.7229669616,3272.5354068805,1773.636305177,1097.4106157044,684.87336466047,1144.4569700886,0,83.719250245951,1135.8468119298],[3272.9182561058,2530.2175749125,3046.3316076061,1390.2310271629,2948.2006910498,3023.5536438255,2972.7555865398,3300.3730424093,3935.3487584804,1625.5565916566,1740.208632325,2619.3826902518,2621.1459906155,2935.0134553512,3184.1640450367,2992.620853403,3652.4140841672,3974.9479826053,3436.2222044709,1937.9984092897,1918.7146563762,3488.0894970835,3463.403291992,3488.0894970835,1883.3360980155,2969.0789176964,3719.6446001613,2687.6074075148,2354.0435025465,2475.9738468437,2172.123428855,3190.9358687739,1692.0367670704,1015.7923190832,603.27382655384,1062.857431982,83.719250245951,0,1054.2472738231],[2530.2175749125,1787.5168937193,2316.2190735518,645.91193002887,2213.2608511694,2288.6138039451,2237.8157466594,2565.4332025289,3200.3901600855,890.61675177622,1005.2687924447,1884.4428503714,1886.2061507351,2200.0736154708,2449.2242051564,2257.6810135226,2917.4742442869,3240.0081427249,2701.2823645906,1203.0398108948,1183.7748164959,2753.1496572032,2728.4634521116,2753.1496572032,1148.3774996206,2234.139077816,2984.7047602809,1952.6675676344,1619.1411796951,1741.0340069634,1437.1835889746,2455.977270379,957.07816867548,45.414363622103,890.80433692129,22.904146213378,1135.8468119298,1054.2472738231,0]],
