{
  "Cargo":[{
      "PTW":[18,90],
      "DTW":[18,692],
      "DP":{
        "Pid":37,
        "region":13,
        "id":4,
        "draftlimit":8.5,
        "y":44.46,
        "x":12.24,
        "name":"RAVENNA",
        "cargo":1,
        "TW":[18,692],
        "time":[13,-1],
        "cost":[30690,-1],
        "size":-8294
      },
      "maxsize":16500,
      "id":1,
      "CCost":980083,
      "PP":{
        "Pid":17,
        "region":8,
        "id":3,
        "draftlimit":8.5,
        "y":54.4,
        "x":18.72,
        "name":"GDANSK",
        "cargo":1,
        "TW":[18,90],
        "time":[10,-1],
        "cost":[25418,-1],
        "size":8294
      },
      "size":8294
    },{
      "PTW":[532,604],
      "DTW":[532,1040],
      "DP":{
        "Pid":36,
        "region":13,
        "id":6,
        "draftlimit":8.5,
        "y":44.27,
        "x":8.45,
        "name":"VADO LIGURE",
        "cargo":2,
        "TW":[532,1040],
        "time":[20,20],
        "cost":[32758,36508],
        "size":-14268
      },
      "maxsize":24000,
      "id":2,
      "CCost":503943,
      "PP":{
        "Pid":33,
        "region":2,
        "id":5,
        "draftlimit":8.5,
        "y":36.54,
        "x":-6.28,
        "name":"CADIZ",
        "cargo":2,
        "TW":[532,604],
        "time":[15,15],
        "cost":[25440,29190],
        "size":14268
      },
      "size":14268
    },{
      "PTW":[33,105],
      "DTW":[33,419],
      "DP":{
        "Pid":27,
        "region":12,
        "id":8,
        "draftlimit":8.5,
        "y":55.66,
        "x":21.14,
        "name":"KLAIPEDA",
        "cargo":3,
        "TW":[33,419],
        "time":[14,-1],
        "cost":[29692,-1],
        "size":-10017
      },
      "maxsize":16500,
      "id":3,
      "CCost":461797,
      "PP":{
        "Pid":17,
        "region":8,
        "id":7,
        "draftlimit":8.5,
        "y":54.4,
        "x":18.72,
        "name":"GDANSK",
        "cargo":3,
        "TW":[33,105],
        "time":[11,-1],
        "cost":[25418,-1],
        "size":10017
      },
      "size":10017
    },{
      "PTW":[0,72],
      "DTW":[0,431],
      "DP":{
        "Pid":1,
        "region":1,
        "id":10,
        "draftlimit":8.5,
        "y":53.33,
        "x":8.49,
        "name":"BRAKE",
        "cargo":4,
        "TW":[0,431],
        "time":[19,-1],
        "cost":[33153,-1],
        "size":-13132
      },
      "maxsize":16500,
      "id":4,
      "CCost":300764,
      "PP":{
        "Pid":6,
        "region":5,
        "id":9,
        "draftlimit":8.5,
        "y":51.28,
        "x":4.32,
        "name":"ANTWERP",
        "cargo":4,
        "TW":[0,72],
        "time":[18,-1],
        "cost":[31478,-1],
        "size":13132
      },
      "size":13132
    },{
      "PTW":[182,254],
      "DTW":[182,664],
      "DP":{
        "Pid":33,
        "region":2,
        "id":12,
        "draftlimit":8.5,
        "y":36.54,
        "x":-6.28,
        "name":"CADIZ",
        "cargo":5,
        "TW":[182,664],
        "time":[11,-1],
        "cost":[25440,-1],
        "size":-10023
      },
      "maxsize":16500,
      "id":5,
      "CCost":544468,
      "PP":{
        "Pid":38,
        "region":13,
        "id":11,
        "draftlimit":8.5,
        "y":43.63,
        "x":13.5,
        "name":"ANCONA",
        "cargo":5,
        "TW":[182,254],
        "time":[16,-1],
        "cost":[33227,-1],
        "size":10023
      },
      "size":10023
    },{
      "PTW":[632,704],
      "DTW":[632,1163],
      "DP":{
        "Pid":38,
        "region":13,
        "id":14,
        "draftlimit":8.5,
        "y":43.63,
        "x":13.5,
        "name":"ANCONA",
        "cargo":6,
        "TW":[632,1163],
        "time":[21,21],
        "cost":[33227,36977],
        "size":-15496
      },
      "maxsize":24000,
      "id":6,
      "CCost":522113,
      "PP":{
        "Pid":10,
        "region":2,
        "id":13,
        "draftlimit":8.5,
        "y":36.14,
        "x":-5.44,
        "name":"ALGECIRAS",
        "cargo":6,
        "TW":[632,704],
        "time":[15,15],
        "cost":[23893,27643],
        "size":15496
      },
      "size":15496
    }],
  "scale":1.5,
  "inPortCost":[[{
        "DT":13,
        "DC":30690,
        "PC":25418,
        "PT":10
      },{
        "DT":20,
        "DC":32758,
        "PC":25440,
        "PT":15
      },{
        "DT":14,
        "DC":29692,
        "PC":25418,
        "PT":11
      },{
        "DT":19,
        "DC":33153,
        "PC":31478,
        "PT":18
      },{
        "DT":11,
        "DC":25440,
        "PC":33227,
        "PT":16
      },{
        "DT":21,
        "DC":33227,
        "PC":23893,
        "PT":15
      }],[{
        "DT":-1,
        "DC":-1,
        "PC":-1,
        "PT":-1
      },{
        "DT":20,
        "DC":36508,
        "PC":29190,
        "PT":15
      },{
        "DT":-1,
        "DC":-1,
        "PC":-1,
        "PT":-1
      },{
        "DT":-1,
        "DC":-1,
        "PC":-1,
        "PT":-1
      },{
        "DT":-1,
        "DC":-1,
        "PC":-1,
        "PT":-1
      },{
        "DT":21,
        "DC":36977,
        "PC":27643,
        "PT":15
      }]],
  "Speedlimit":[14,20],
  "NoV":2,
  "NoC":6,
  "Port":[{
      "Pid":8,
      "region":1,
      "id":1,
      "draftlimit":8.5,
      "y":53.54,
      "x":9.97,
      "name":"HAMBURG",
      "TW":[0,0],
      "time":[0,0],
      "cost":[0,0],
      "size":0
    },{
      "Pid":13,
      "region":7,
      "id":2,
      "draftlimit":8.5,
      "y":47.3,
      "x":-2.14,
      "name":"MONTOIR DE BRETAGNE",
      "TW":[236,236],
      "time":[0,0],
      "cost":[0,0],
      "size":0
    },{
      "Pid":17,
      "region":8,
      "id":3,
      "draftlimit":8.5,
      "y":54.4,
      "x":18.72,
      "name":"GDANSK",
      "cargo":1,
      "TW":[18,90],
      "time":[10,-1],
      "cost":[25418,-1],
      "size":8294
    },{
      "Pid":37,
      "region":13,
      "id":4,
      "draftlimit":8.5,
      "y":44.46,
      "x":12.24,
      "name":"RAVENNA",
      "cargo":1,
      "TW":[18,692],
      "time":[13,-1],
      "cost":[30690,-1],
      "size":-8294
    },{
      "Pid":33,
      "region":2,
      "id":5,
      "draftlimit":8.5,
      "y":36.54,
      "x":-6.28,
      "name":"CADIZ",
      "cargo":2,
      "TW":[532,604],
      "time":[15,15],
      "cost":[25440,29190],
      "size":14268
    },{
      "Pid":36,
      "region":13,
      "id":6,
      "draftlimit":8.5,
      "y":44.27,
      "x":8.45,
      "name":"VADO LIGURE",
      "cargo":2,
      "TW":[532,1040],
      "time":[20,20],
      "cost":[32758,36508],
      "size":-14268
    },{
      "Pid":17,
      "region":8,
      "id":7,
      "draftlimit":8.5,
      "y":54.4,
      "x":18.72,
      "name":"GDANSK",
      "cargo":3,
      "TW":[33,105],
      "time":[11,-1],
      "cost":[25418,-1],
      "size":10017
    },{
      "Pid":27,
      "region":12,
      "id":8,
      "draftlimit":8.5,
      "y":55.66,
      "x":21.14,
      "name":"KLAIPEDA",
      "cargo":3,
      "TW":[33,419],
      "time":[14,-1],
      "cost":[29692,-1],
      "size":-10017
    },{
      "Pid":6,
      "region":5,
      "id":9,
      "draftlimit":8.5,
      "y":51.28,
      "x":4.32,
      "name":"ANTWERP",
      "cargo":4,
      "TW":[0,72],
      "time":[18,-1],
      "cost":[31478,-1],
      "size":13132
    },{
      "Pid":1,
      "region":1,
      "id":10,
      "draftlimit":8.5,
      "y":53.33,
      "x":8.49,
      "name":"BRAKE",
      "cargo":4,
      "TW":[0,431],
      "time":[19,-1],
      "cost":[33153,-1],
      "size":-13132
    },{
      "Pid":38,
      "region":13,
      "id":11,
      "draftlimit":8.5,
      "y":43.63,
      "x":13.5,
      "name":"ANCONA",
      "cargo":5,
      "TW":[182,254],
      "time":[16,-1],
      "cost":[33227,-1],
      "size":10023
    },{
      "Pid":33,
      "region":2,
      "id":12,
      "draftlimit":8.5,
      "y":36.54,
      "x":-6.28,
      "name":"CADIZ",
      "cargo":5,
      "TW":[182,664],
      "time":[11,-1],
      "cost":[25440,-1],
      "size":-10023
    },{
      "Pid":10,
      "region":2,
      "id":13,
      "draftlimit":8.5,
      "y":36.14,
      "x":-5.44,
      "name":"ALGECIRAS",
      "cargo":6,
      "TW":[632,704],
      "time":[15,15],
      "cost":[23893,27643],
      "size":15496
    },{
      "Pid":38,
      "region":13,
      "id":14,
      "draftlimit":8.5,
      "y":43.63,
      "x":13.5,
      "name":"ANCONA",
      "cargo":6,
      "TW":[632,1163],
      "time":[21,21],
      "cost":[33227,36977],
      "size":-15496
    }],
  "casename":"SHORTSEA_SUN_C6_V2_HE_1.txt",
  "NoP":39,
  "VRD":[[1,"ShortDryBulk13",13200,7.3,0.0002],[2,"ShortDryBulk16",16500,6.7,0.0002],[3,"ShortDryBulk24",24000,7.6,0.0001],[4,"ShortDryBulk33",33200,6.6,0.0001],[5,"ShortDryBulk5",5800,7.8,0.0002],[6,"ShortDryBulk2",2950,7.9,0.0002],[7,"ShortDryBulk3",3570,7.7,0.0002]],
  "Vessel":[{
      "draftchange":0.0002,
      "totalfuel":3818.6867388826,
      "id":1,
      "cost":[[0,38871.216722911,10464,73474,36418,12877,11690,4132,28831,63741,60243,34599,31987,12977,15202,11673,17826,36963,15142,52308,53333,11434,10473,11434,53817,14629,20441,24293,79458,38333,43483,4142,62186,98988,120151,97379,129913,126739,98151],[38871.216722911,0,30385,44679,27899,29744,27768,40512,65211,34946,31448,7549,9848,26299,35991,28540,54206,67088,45796,23512,24538,47813,46853,47813,25021,27624,56821,17120,50662,1691,14688,36254,33390,70193,91356,68583,101118,97944,69355],[10601.24092443,30036.849285885,0,64988,27932,4021,2837,12105,36804,55255,51757,26113,23501,4239,11049,2818,25799,40165,18551,43821,44847,19407,18446,19407,45331,6533,28414,15806,70971,29846,34997,7847,53699,90502,111665,88892,121427,118253,89664],[73619.728641876,44760.795014261,64988,0,61415,64347,62371,75115,99814,9967,14427,48625,48694,60903,70594,63143,88809,101355,80399,22120,21370,82417,81456,82417,19994,62228,91424,51279,38305,43047,31228,70857,12552,25962,47694,24353,57252,54078,25125],[36515.385406371,27681.017969345,27932,61415,0,27326,25352,38059,62758,51683,48184,23627,21014,23900,30057,26123,51753,44318,29632,40249,41274,45361,44400,45361,41758,25172,54368,12388,67342,27354,31425,33801,50127,86929,108093,85320,117854,114680,86092],[12957.07224097,29447.89145675,4021,64347,27326,0,1976,14517,39216,54614,51116,25472,22859,3466,12319,1203,28211,42342,20790,43180,44206,21819,20859,21819,44689,6299,30827,15201,70330,29205,34356,10260,53058,89861,111024,88251,120786,117612,89023],[11779.1565827,27681.017969345,2837,62371,25352,1976,0,13331,38030,52638,49140,23496,20883,1490,10806,773,27024,41088,19556,41204,42229,20632,19672,20632,42713,4384,29640,13226,68354,27229,32380,9073,51082,87885,109048,86275,118810,115635,87047],[4122.7048039451,40638.090210316,12105,75115,38059,14517,13331,0,27882,65382,61884,36240,33628,14617,16724,13314,16877,37797,15976,53948,54974,10485,9524,10485,55458,16269,19492,25933,81098,39973,45124,5783,63826,100629,121792,99019,131554,128380,99791],[28858.933627615,65374.319033986,36804,99814,62758,39216,38030,27882,0,90081,86583,60939,58327,39316,41423,38013,15885,58060,36240,78647,79673,21451,20491,21451,80157,40968,11812,50632,105797,64673,69823,30482,88525,125328,146491,123718,156253,153079,124490],[63607.445546581,34748.511918966,55255,9967,51683,54614,52638,65382,90081,0,4694,38892,38961,51170,60862,53411,79076,91622,70666,12387,11637,72684,71723,72684,10261,52495,81691,41546,28600,33314,21495,61125,2820,35481,56652,33872,66406,63232,34644],[60073.698571771,31214.764944155,51757,14427,48184,51116,49140,61884,86583,4694,0,35394,35463,47672,57364,49912,75578,88124,67168,8889,8139,69186,68225,69186,6763,48997,78193,38048,28280,29816,17997,57626,2182,39941,61104,38331,70866,67692,39104],[34748.511918966,7656.4517787551,26113,48625,23627,25472,23496,36240,60939,38892,35394,0,3709,22028,31719,24268,49934,62816,41524,27458,28484,43542,42581,43542,28968,23353,52549,12848,54608,7999,18634,31982,37336,74139,95302,72530,105064,101890,73302],[31803.72277329,10012.283095295,23501,48694,21014,22859,20883,33628,58327,38961,35463,3709,0,19415,29107,21656,47321,60204,38911,27528,28553,40929,39969,40929,29037,20740,49937,10236,54677,9890,18703,29370,37405,74208,95371,72599,105133,101959,73371],[12957.07224097,26503.102311075,4239,60903,23900,3466,1490,14617,39316,51170,47672,22028,19415,0,11024,2263,28311,41913,20484,39736,40761,21919,20959,21919,41245,3377,30926,11774,66886,25761,30912,10360,49614,86417,107580,84807,117342,114167,85579],[15312.90355751,35926.427577236,11049,70594,30057,12319,10806,16724,41423,60862,57364,31719,29107,11024,0,11116,30418,34622,14515,49428,50453,24026,23065,24026,50937,11160,33033,21413,76578,35453,40604,12954,59306,96108,117272,94499,127033,123859,95271],[11779.1565827,28269.97579848,2818,63143,26123,1203,773,13314,38013,53411,49912,24268,21656,2263,11116,0,27008,41139,19587,41977,43002,20616,19655,20616,43486,5096,29623,13997,69127,28002,33153,9057,51855,88657,109820,87048,119582,116408,87820],[17668.73487405,54184.120280421,25799,88809,51753,28211,27024,16877,15885,79076,75578,49934,47321,28311,30418,27008,0,47239,25419,67642,68667,10975,10015,10975,69151,29963,4687,39627,94792,53667,58818,19477,77520,114323,135486,112713,145248,142073,113485],[37104.343235506,67141.192521391,40165,101355,44318,42342,41088,37797,58060,91622,88124,62816,60204,41913,34622,41139,47239,0,22695,80188,81214,40645,39684,40645,81697,42257,49803,52510,106396,66550,71364,36750,90066,126869,148032,125259,157794,154619,126031],[15312.90355751,45938.710672531,18551,80399,29632,20790,19556,15976,36240,70666,67168,41524,38911,20484,14515,19587,25419,22695,0,59232,60258,18824,17864,18824,60741,20995,27983,31217,86382,45257,50408,14933,69110,105913,127076,104303,136838,133664,105076],[52417.246793016,23558.3131654,43821,22120,40249,43180,41204,53948,78647,12387,8889,27458,27528,39736,49428,41977,67642,80188,59232,0,1930,61250,60290,61250,2414,41061,70258,30112,28978,21880,10061,49691,10831,47634,68797,46025,78559,75385,46797],[53006.204622151,24736.22882367,44847,21370,41274,44206,42229,54974,79673,11637,8139,28484,28553,40761,50453,43002,68667,81214,60258,1930,0,62275,61315,62275,1405,42087,71283,31138,28751,22905,11086,50716,10081,46884,68047,45275,77809,74635,46047],[11190.198753565,47705.584159936,19407,82417,45361,21819,20632,10485,21451,72684,69186,43542,40929,21919,24026,20616,10975,40645,18824,61250,62275,0,1135,0,62759,23571,13275,33235,88400,47275,52426,13085,71128,107931,129094,106321,138856,135681,107093],[10601.24092443,46527.668501666,18446,81456,44400,20859,19672,9524,20491,71723,68225,42581,39969,20959,23065,19655,10015,39684,17864,60290,61315,1135,0,1135,61799,22611,12315,32274,87440,46315,51465,12124,70167,106970,128133,105361,137895,134721,106133],[11190.198753565,47705.584159936,19407,82417,45361,21819,20632,10485,21451,72684,69186,43542,40929,21919,24026,20616,10975,40645,18824,61250,62275,0,1135,0,62759,23571,13275,33235,88400,47275,52426,13085,71128,107931,129094,106321,138856,135681,107093],[53595.162451286,24736.22882367,45331,19994,41758,44689,42713,55458,80157,10261,6763,28968,29037,41245,50937,43486,69151,81697,60741,2414,1405,62759,61799,62759,0,42570,71767,31622,27552,23389,11570,51200,8705,45508,66671,43898,76433,73259,44671],[14723.945728375,27681.017969345,6533,62228,25172,6299,4384,16269,40968,52495,48997,23353,20740,3377,11160,5096,29963,42257,20995,41061,42087,23571,22611,23571,42570,0,32578,13046,68211,27086,32237,12012,50939,87742,108905,86132,118667,115493,86904],[20613.524019725,56539.951596961,28414,91424,54368,30827,29640,19492,11812,81691,78193,52549,49937,30926,33033,29623,4687,49803,27983,70258,71283,13275,12315,13275,71767,32578,0,42242,97407,56283,61433,22092,80135,116938,138101,115329,147863,144689,116101],[24147.270994535,17079.777044915,15806,51279,12388,15201,13226,25933,50632,41546,38048,12848,10236,11774,21413,13997,39627,52510,31217,30112,31138,33235,32274,33235,31622,13046,42242,0,57262,16581,21288,21676,39990,76793,97956,75183,107718,104544,75955],[79509.306933226,50650.373305611,70971,38305,67342,70330,68354,81098,105797,28600,28280,54608,54677,66886,76578,69127,94792,106396,86382,28978,28751,88400,87440,88400,27552,68211,97407,57262,0,49030,37473,76841,27963,63819,84968,62210,94743,91568,62982],[38282.258893776,1766.873487405,29846,43047,27354,29205,27229,39973,64673,33314,29816,7999,9890,25761,35453,28002,53667,66550,45257,21880,22905,47275,46315,47275,23389,27086,56283,16581,49030,0,13056,35716,31758,68561,89724,66951,99486,96311,67723],[43582.879355991,14723.945728375,34997,31228,31425,34356,32380,45124,69823,21495,17997,18634,18703,30912,40604,33153,58818,71364,50408,10061,11086,52426,51465,52426,11570,32237,61433,21288,37473,13056,0,40867,19939,56742,77905,55132,87667,84492,55904],[4122.7048039451,35926.427577236,7847,70857,33801,10260,9073,5783,30482,61125,57626,31982,29370,10360,12954,9057,19477,36750,14933,49691,50716,13085,12124,13085,51200,12012,22092,21676,76841,35716,40867,0,59569,96371,117534,94762,127296,124122,95534],[61840.572059176,33570.596260696,53699,12552,50127,53058,51082,63826,88525,2820,2182,37336,37405,49614,59306,51855,77520,90066,69110,10831,10081,71128,70167,71128,8705,50939,80135,39990,27963,31758,19939,59569,0,38066,59230,36457,68991,65817,37229],[98944.915294682,70085.981667066,90502,25962,86929,89861,87885,100629,125328,35481,39941,74139,74208,86417,96108,88657,114323,126869,105913,47634,46884,107931,106970,107931,45508,87742,116938,76793,63819,68561,56742,96371,38066,0,33156,2487,42687,39513,1766],[120147.39714354,91288.463515926,111665,47694,108093,111024,109048,121792,146491,56652,61104,95302,95371,107580,117272,109820,135486,148032,127076,68797,68047,129094,128133,129094,66671,108905,138101,97956,84968,89724,77905,117534,59230,33156,0,34987,26640,23466,34651],[97178.041807277,68319.108179661,88892,24353,85320,88251,86275,99019,123718,33872,38331,72530,72599,84807,94499,87048,112713,125259,104303,46025,45275,106321,105361,106321,43898,86132,115329,75183,62210,66951,55132,94762,36457,2487,34987,0,44518,41344,891],[129570.7224097,100711.78878209,121427,57252,117854,120786,118810,131554,156253,66406,70866,105064,105133,117342,127033,119582,145248,157794,136838,78559,77809,138856,137895,138856,76433,118667,147863,107718,94743,99486,87667,127296,68991,42687,26640,44518,0,3256,44183],[126625.93326403,97766.999636412,118253,54078,114680,117612,115635,128380,153079,63232,67692,101890,101959,114167,123859,116408,142073,154619,133664,75385,74635,135681,134721,135681,73259,115493,144689,104544,91568,96311,84492,124122,65817,39513,23466,41344,3256,0,41008],[97766.999636412,69497.023837931,89664,25125,86092,89023,87047,99791,124490,34644,39104,73302,73371,85579,95271,87820,113485,126031,105076,46797,46047,107093,106133,107093,44671,86904,116101,75955,62982,67723,55904,95534,37229,1766,34651,891,44183,41008,0]],
      "draft":6.7,
      "avai":[1,2,3,4,5,6],
      "HP":{
        "Pid":8,
        "region":1,
        "id":1,
        "draftlimit":8.5,
        "y":53.54,
        "x":9.97,
        "name":"HAMBURG",
        "TW":[0,0],
        "time":[0,0],
        "cost":[0,0],
        "size":0
      },
      "totaldis":22003.7,
      "totaltime":1450,
      "cap":16500,
      "dis":[[0,999.30201774713,269.0087214981,1888.8710630114,936.23467311907,331.0421738084,300.52675404366,106.22553872612,741.18792522093,1638.6549041486,1548.7282501157,889.47178470116,822.32243640672,333.61297581048,390.81332035686,300.0897177033,458.27116489155,950.24554403043,389.27083915561,1344.7351112503,1371.0858317716,293.94550091832,269.24009367829,293.94550091832,1383.5285134617,376.08262488492,525.49763724606,624.52493036635,2042.7078548162,985.46553145899,1117.8618345663,106.48261892633,1598.6789330162,2544.7854858232,3088.8443135244,2503.4212816097,3339.8060049678,3258.2087494217,2523.2678730658],[999.30201774713,0,781.13818833333,1148.6086265113,717.22805056151,764.65934749997,713.86029993878,1041.4833070844,1676.4456935792,898.39246764839,808.46581361548,194.06984313735,253.17258116527,676.09521852816,925.25734857017,733.70689139487,1393.5289332498,1724.6996471583,1177.3244848745,604.44696673007,630.82339527145,1229.1775612566,1204.4978620366,1229.1775612566,643.24036894152,710.15834505578,1460.7554056043,440.12130275684,1302.419710296,43.472261855246,377.59939806615,932.01855783566,858.39078849596,1804.5230493231,2348.5818770242,1763.1331370895,2599.5435684676,2517.9463129215,1782.9797285456],[272.53691393103,772.1879228046,0,1670.7128051146,718.0764152222,103.37194850381,72.933652799133,311.19558235231,946.15796884712,1420.4966462517,1330.5699922188,671.31352680428,604.16417850984,108.97629686836,284.0479132103,72.445200418737,663.24120851774,1032.5626241372,476.90947940667,1126.5511453334,1152.9275738748,498.91554454451,474.21013730448,498.91554454451,1165.3702555649,167.95049479617,730.46768087224,406.34096444945,1824.5238888993,767.28156554209,899.70357666946,201.73083310356,1380.4949670993,2326.6272279264,2870.6860556275,2285.2373156928,3121.6477470709,3040.0504915248,2305.0839071489],[1892.6174578544,1150.7114143755,1670.7128051146,0,1578.8580495801,1654.2339642812,1603.43491672,1931.0579238656,2566.0203103605,256.23183554775,370.88960484071,1250.0524735135,1251.8263268949,1565.6955433294,1814.8319653514,1623.2815081761,2283.1035500311,2605.6363692126,2066.8991016558,568.66140286106,549.38038784542,2118.7778860578,2094.0724788178,2118.7778860578,514.00615229674,1599.758669857,2350.3300223856,1318.2815586488,984.7457068984,1106.6531378372,802.8100492109,1821.5931746169,322.68706730163,667.43161578114,1226.1183068741,626.0674115676,1471.8355622333,1390.2383066872,645.91400302369],[938.73825909579,711.62416415326,718.0764152222,1578.8580495801,0,702.49735508957,651.74972356842,978.42153397328,1613.3839204681,1328.6675987372,1238.7152366843,607.40338903247,540.228332718,614.42167849816,772.70595776649,671.57060700449,1330.4671601387,1139.3280312837,761.78004925763,1034.7220978189,1061.0728183403,1166.1414961655,1141.4360889254,1166.1414961655,1073.5155000304,647.12227996467,1397.6936324932,318.47095201821,1731.2294842436,703.21717965015,807.874529155,868.95678472453,1288.6659195848,2234.7724723919,2778.857008113,2193.4082681784,3029.7929915365,2948.1957359903,2213.2548596344],[333.10067258238,757.04698314176,103.37194850381,1654.2339642812,702.49735508957,0,50.799047561186,373.20332664258,1008.1657131374,1404.0178054183,1314.0911513854,654.83468597092,587.65962965646,89.103997392243,316.69709863677,30.926748085075,725.24895280801,1088.5289837225,534.46973623333,1110.0723045,1136.4487330414,560.92328883478,536.24358961477,560.92328883478,1148.8657067115,161.93481811129,792.50113318254,390.78761233684,1808.0450480659,750.80272470873,883.22473583609,263.76428541385,1364.0161262659,2310.148387093,2854.2072147941,2268.7584748594,3105.1689062376,3023.5716506914,2288.6050663155],[302.81879325671,711.62416415326,72.933652799133,1603.43491672,651.74972356842,50.799047561186,0,342.71361489786,977.67600139267,1353.2187578572,1263.2921038242,604.03563840974,536.86058209527,38.304949831057,277.80086434523,19.872299476112,694.73353304327,1056.2911266164,502.74603952761,1059.2732569388,1085.6239774602,530.40786907004,505.72816985003,530.40786907004,1098.0666591503,112.70395977138,761.9857134178,340.01427279567,1757.2460005047,700.00367714754,832.42568827491,233.24886564911,1313.2170787047,2259.3493395318,2803.4081672329,2217.9594272983,3054.3698586764,2972.7468951102,2237.8060187544],[105.98657763985,1044.7248367356,311.19558235231,1931.0579238656,978.42153397328,373.20332664258,342.71361489786,0,716.79101422115,1680.8417650028,1590.9151109699,931.65864555536,864.50929726092,375.77412864467,429.94092682858,342.27657855751,433.87425389177,971.68603272782,410.71132785299,1386.8962640845,1413.2726926258,269.54858991854,244.84318267851,269.54858991854,1425.7153743159,418.2437777191,501.10072624628,666.68608320053,2084.8690076504,1027.6266842932,1160.0486954205,148.66947978054,1640.8400858503,2586.9723466774,3131.0311743786,2545.5824344439,3381.992865822,3300.3956102759,2565.4290259],[741.90604347893,1680.6443025747,946.15796884712,2566.0203103605,1613.3839204681,1008.1657131374,977.67600139267,716.79101422115,0,2315.8041514976,2225.8774974647,1566.6210320502,1499.4716837557,1010.7365151395,1064.9033133234,977.23896505232,408.3718980311,1492.6076424102,931.65864555536,2021.8586505793,2048.2350791207,551.46273746711,526.7830382471,551.46273746711,2060.6777608107,1053.2061642139,303.6631324862,1301.6484696953,2719.8313941452,1662.614778808,1795.0110819153,783.63186627535,2275.8024723452,3221.9347331723,3765.9935608734,3180.5448209387,4016.9552523168,3935.3579967707,3200.3914123948],[1635.2214835862,893.31544010728,1420.4966462517,256.23183554775,1328.6675987372,1404.0178054183,1353.2187578572,1680.8417650028,2315.8041514976,0,120.67344597784,999.83631465064,1001.6101680321,1315.4793844666,1564.6415145086,1373.0910573333,2032.8873911682,2355.4202103497,1816.6829427929,318.44524399819,299.16422898255,1868.561727195,1843.8563199549,1868.561727195,263.78999343387,1349.5425109942,2100.1138635227,1068.065399786,735.24937259612,856.43697897438,552.59389034803,1571.4027237741,72.496616458778,912.14625835954,1456.4107502208,870.78205414601,1707.1667775041,1625.569521958,890.6286456021],[1544.3758456092,802.46980213027,1330.5699922188,370.88960484071,1238.7152366843,1314.0911513854,1263.2921038242,1590.9151109699,2225.8774974647,120.67344597784,0,909.90966061773,911.68351399917,1225.5527304336,1474.7148604757,1283.1386952803,1942.9607371353,2265.4935563168,1726.75628876,228.51858996528,209.23757494964,1778.6350731621,1753.929665922,1778.6350731621,173.86333940096,1259.6158569613,2010.1872094898,978.13874575305,727.02280618945,766.51032494147,462.66723631512,1481.4503617211,56.09489968548,1026.8040276525,1570.8628553536,985.41411541895,1821.8245467971,1740.2272912509,1005.2864148951],[893.31544010728,196.83221561686,671.31352680428,1250.0524735135,607.40338903247,654.83468597092,604.03563840974,931.65864555536,1566.6210320502,999.83631465064,909.90966061773,0,95.351046257308,566.29626501914,815.43268704113,623.88222986583,1283.7042717208,1614.8749856293,1067.4998233455,705.89081373232,732.2672422737,1119.3786077476,1094.6732005075,1119.3786077476,744.70992396379,600.35939154676,1350.9307440753,330.2966412278,1403.8635572982,205.63845214673,479.0432450684,822.19389630661,959.83463549821,1905.9668963253,2450.0257240264,1864.6026921118,2700.9874154699,2619.3901599237,1884.4492835679],[817.6107417931,257.3959742682,604.16417850984,1251.8263268949,540.228332718,587.65962965646,536.86058209527,864.50929726092,1499.4716837557,1001.6101680321,911.68351399917,95.351046257308,0,499.12120870467,748.28333874669,556.73288157138,1216.5292154063,1547.7256373349,1000.324767031,707.69037513378,734.04109565514,1052.2035514331,1027.5238522131,1052.2035514331,746.48377734523,533.18433523229,1283.7813957809,263.14729293335,1405.6374106797,254.25231800614,480.81709844983,755.04454801217,961.60848887965,1907.7407497067,2451.7995774079,1866.3765454932,2702.7612688513,2621.1640133052,1886.2231369493],[333.10067258238,681.34228482759,108.97629686836,1565.6955433294,614.42167849816,89.103997392243,38.304949831057,375.77412864467,1010.7365151395,1315.4793844666,1225.5527304336,566.29626501914,499.12120870467,0,283.40521270978,58.177249307169,727.8197548101,1077.5002431336,526.60308210696,1021.5338835482,1047.8846040696,563.49409083687,538.81439161686,563.49409083687,1060.3272857597,86.815983610388,795.0462271646,302.68622772541,1719.5066271141,662.26430375695,794.68631488431,266.33508741594,1275.4777053141,2221.6099661412,2765.6687938423,2180.2200539077,3016.6304852858,2935.0075217196,2200.0666453638],[393.66443123372,923.59731943295,284.0479132103,1814.8319653514,772.70595776649,316.69709863677,277.80086434523,429.94092682858,1064.9033133234,1564.6415145086,1474.7148604757,815.43268704113,748.28333874669,283.40521270978,0,285.77035055169,781.98655299401,890.06306916164,373.15191060254,1270.6960135902,1297.0467341116,617.66088902078,592.95548178075,617.66088902078,1309.4894158017,286.90150343261,849.21302534852,550.48583270632,1968.6687571561,911.42643379896,1043.8484449263,333.02169135,1524.6398353561,2470.7463881632,3014.8309238843,2429.3821839497,3265.7669073078,3184.1696517616,2449.2287754058],[302.81879325671,726.76510381609,72.445200418737,1623.2815081761,671.57060700449,30.926748085075,19.872299476112,342.27657855751,977.23896505232,1373.0910573333,1283.1386952803,623.88222986583,556.73288157138,58.177249307169,285.77035055169,0,694.32220472294,1057.6022356375,503.54298814826,1079.1455564149,1105.4962769363,529.99654074971,505.29113350968,529.99654074971,1117.9389586264,131.00807002622,761.54867707744,359.83515623174,1777.1182999808,719.87597662366,852.29798775102,232.83753732878,1333.0893781808,2279.1959309879,2823.254758689,2237.8317267744,3074.2164501325,2992.6191945863,2257.6783182305],[454.22818988506,1392.9664489808,663.24120851774,2283.1035500311,1330.4671601387,725.24895280801,694.73353304327,433.87425389177,408.3718980311,2032.8873911682,1942.9607371353,1283.7042717208,1216.5292154063,727.8197548101,781.98655299401,694.32220472294,0,1214.4211577646,653.47216090982,1738.9418902499,1765.2926107713,282.14551972876,257.46582050875,282.14551972876,1777.7352924613,770.28940388453,120.49348983769,1018.731709366,2436.9146338158,1379.6723104586,1512.094321586,500.71510594597,1992.8857120158,2939.0179728429,3483.076800544,2897.6280606093,3734.0384919875,3652.4155284213,2917.4746520654],[953.87919875862,1726.0671215632,1032.5626241372,2605.6363692126,1139.3280312837,1088.5289837225,1056.2911266164,971.68603272782,1492.6076424102,2355.4202103497,2265.4935563168,1614.8749856293,1547.7256373349,1077.5002431336,890.06306916164,1057.6022356375,1214.4211577646,0,583.44351437304,2061.4747094314,2087.8511379728,1044.9024737472,1020.1970665071,1044.9024737472,2100.2681116428,1086.3438020208,1280.3365210981,1349.9281312945,2735.2304981377,1710.8687323871,1834.6271407675,944.76973576599,2315.4185311973,3261.5507920244,3805.6096197255,3220.1608797908,4056.571311169,3974.9483476028,3240.0074712469],[393.66443123372,1180.9932937012,476.90947940667,2066.8991016558,761.78004925763,534.46973623333,502.74603952761,410.71132785299,931.65864555536,1816.6829427929,1726.75628876,1067.4998233455,1000.324767031,526.60308210696,373.15191060254,503.54298814826,653.47216090982,583.44351437304,0,1522.7374418746,1549.113870416,483.92776887236,459.24806965235,483.92776887236,1561.530844086,539.73988033761,719.38752424326,802.52726099067,2220.7101854405,1163.4678620833,1295.8898732107,383.89786297125,1776.6812636405,2722.8135244676,3266.8723521687,2681.423612234,3517.8340436122,3436.236788066,2701.2959117101],[1347.5436299923,605.63758651341,1126.5511453334,568.66140286106,1034.7220978189,1110.0723045,1059.2732569388,1386.8962640845,2021.8586505793,318.44524399819,228.51858996528,705.89081373232,707.69037513378,1021.5338835482,1270.6960135902,1079.1455564149,1738.9418902499,2061.4747094314,1522.7374418746,0,49.616478640228,1574.6162262767,1549.9365270566,1574.6162262767,62.059160330316,1055.5970100758,1806.1940706244,774.11989886764,744.967004164,562.49147805605,258.64838942971,1277.4572228557,278.44356484575,1224.5758256729,1768.634653374,1183.2116214593,2019.5963448174,1937.9990892713,1203.0582129154],[1362.6845696552,635.91946583908,1152.9275738748,549.38038784542,1061.0728183403,1136.4487330414,1085.6239774602,1413.2726926258,2048.2350791207,299.16422898255,209.23757494964,732.2672422737,734.04109565514,1047.8846040696,1297.0467341116,1105.4962769363,1765.2926107713,2087.8511379728,1549.113870416,49.616478640228,0,1600.966946798,1576.287247578,1600.966946798,36.119768129285,1081.9734386172,1832.5447911458,800.49632740902,739.13128361927,588.84219857742,284.99910995107,1303.8079433771,259.16254983012,1205.2948106572,1749.3536383583,1163.9306064437,2000.3153298018,1918.7180742556,1183.7771978998],[287.67785359387,1226.4161126897,498.91554454451,2118.7778860578,1166.1414961655,560.92328883478,530.40786907004,269.54858991854,551.46273746711,1868.561727195,1778.6350731621,1119.3786077476,1052.2035514331,563.49409083687,617.66088902078,529.99654074971,282.14551972876,1044.9024737472,483.92776887236,1574.6162262767,1600.966946798,0,29.178602723657,0,1613.4096284881,605.9637399113,341.2739657767,854.40604539273,2272.5889698426,1215.3466464854,1347.7686576127,336.38944197274,1828.5600480425,2774.6923088696,3318.7511365708,2733.3023966361,3569.7128280142,3488.089864448,2753.1489880922],[272.53691393103,1196.134233364,474.21013730448,2094.0724788178,1141.4360889254,536.24358961477,505.72816985003,244.84318267851,526.7830382471,1843.8563199549,1753.929665922,1094.6732005075,1027.5238522131,538.81439161686,592.95548178075,505.29113350968,257.46582050875,1020.1970665071,459.24806965235,1549.9365270566,1576.287247578,29.178602723657,0,29.178602723657,1588.7299292681,581.28404069129,316.59426655669,829.7006381527,2247.9092706225,1190.6669472654,1323.0632503727,311.6840347327,1803.8546408025,2749.9869016296,3294.0457293307,2708.6226974161,3545.0074207742,3463.410165228,2728.4692888722],[287.67785359387,1226.4161126897,498.91554454451,2118.7778860578,1166.1414961655,560.92328883478,530.40786907004,269.54858991854,551.46273746711,1868.561727195,1778.6350731621,1119.3786077476,1052.2035514331,563.49409083687,617.66088902078,529.99654074971,282.14551972876,1044.9024737472,483.92776887236,1574.6162262767,1600.966946798,0,29.178602723657,0,1613.4096284881,605.9637399113,341.2739657767,854.40604539273,2272.5889698426,1215.3466464854,1347.7686576127,336.38944197274,1828.5600480425,2774.6923088696,3318.7511365708,2733.3023966361,3569.7128280142,3488.089864448,2753.1489880922],[1377.825509318,635.91946583908,1165.3702555649,514.00615229674,1073.5155000304,1148.8657067115,1098.0666591503,1425.7153743159,2060.6777608107,263.78999343387,173.86333940096,744.70992396379,746.48377734523,1060.3272857597,1309.4894158017,1117.9389586264,1777.7352924613,2100.2681116428,1561.530844086,62.059160330316,36.119768129285,1613.4096284881,1588.7299292681,1613.4096284881,0,1094.3904122873,1844.9874728359,812.93900909911,708.30736761428,601.28488026751,297.44179164116,1316.2506250672,223.78831428144,1169.9205751085,1713.9794028096,1128.530662875,1964.9410942531,1883.343838707,1148.4029623511],[378.52349157088,711.62416415326,167.95049479617,1599.758669857,647.12227996467,161.93481811129,112.70395977138,418.2437777191,1053.2061642139,1349.5425109942,1259.6158569613,600.35939154676,533.18433523229,86.815983610388,286.90150343261,131.00807002622,770.28940388453,1086.3438020208,539.73988033761,1055.5970100758,1081.9734386172,605.9637399113,581.28404069129,605.9637399113,1094.3904122873,0,837.51587623904,335.38682919192,1753.5697536417,696.32743028456,828.74944141193,308.80473649037,1309.5408318417,2255.6730926688,2799.7319203699,2214.2831804353,3050.6936118134,2969.0963562673,2234.1297718914],[529.93288819923,1453.5302076322,730.46768087224,2350.3300223856,1397.6936324932,792.50113318254,761.9857134178,501.10072624628,303.6631324862,2100.1138635227,2010.1872094898,1350.9307440753,1283.7813957809,795.0462271646,849.21302534852,761.54867707744,120.49348983769,1280.3365210981,719.38752424326,1806.1940706244,1832.5447911458,341.2739657767,316.59426655669,341.2739657767,1844.9874728359,837.51587623904,0,1085.9581817205,2504.1411061703,1446.9244908331,1579.3207939405,567.94157830047,2060.1121843703,3006.2444451974,3550.3032728985,2964.8802409838,3801.264964342,3719.6677087958,2984.7268324399],[620.77852617625,439.08725022222,406.34096444945,1318.2815586488,318.47095201821,390.78761233684,340.01427279567,666.68608320053,1301.6484696953,1068.065399786,978.13874575305,330.2966412278,263.14729293335,302.68622772541,550.48583270632,359.83515623174,1018.731709366,1349.9281312945,802.52726099067,774.11989886764,800.49632740902,854.40604539273,829.7006381527,854.40604539273,812.93900909911,335.38682919192,1085.9581817205,0,1472.0926424335,426.2646799656,547.27233020371,557.2470419718,1028.0637206335,1974.1959814606,2518.2548091617,1932.8060692271,2769.2165006052,2687.619245059,1952.6526606832],[2044.0268544828,1302.1208110038,1824.5238888993,984.7457068984,1731.2294842436,1808.0450480659,1757.2460005047,2084.8690076504,2719.8313941452,735.24937259612,727.02280618945,1403.8635572982,1405.6374106797,1719.5066271141,1968.6687571561,1777.1182999808,2436.9146338158,2735.2304981377,2220.7101854405,744.967004164,739.13128361927,2272.5889698426,2247.9092706225,2272.5889698426,708.30736761428,1753.5697536417,2504.1411061703,1472.0926424335,0,1260.464221622,963.35663424106,1975.4299664216,718.87336384284,1640.6601297102,2184.359045131,1599.2959254967,2435.6549408348,2354.0319772686,1619.1425169528],[984.16107808429,45.422818988506,767.28156554209,1106.6531378372,703.21717965015,750.80272470873,700.00367714754,1027.6266842932,1662.614778808,856.43697897438,766.51032494147,205.63845214673,254.25231800614,662.26430375695,911.42643379896,719.87597662366,1379.6723104586,1710.8687323871,1163.4678620833,562.49147805605,588.84219857742,1215.3466464854,1190.6669472654,1215.3466464854,601.28488026751,696.32743028456,1446.9244908331,426.2646799656,1260.464221622,0,335.64390939213,918.18764306444,816.43529982194,1762.567560649,2306.6263883502,1721.1776484155,2557.5880797936,2475.9651162274,1741.0242398716],[1120.4295350498,378.52349157088,899.70357666946,802.8100492109,807.874529155,883.22473583609,832.42568827491,1160.0486954205,1795.0110819153,552.59389034803,462.66723631512,479.0432450684,480.81709844983,794.68631488431,1043.8484449263,852.29798775102,1512.094321586,1834.6271407675,1295.8898732107,258.64838942971,284.99910995107,1347.7686576127,1323.0632503727,1347.7686576127,297.44179164116,828.74944141193,1579.3207939405,547.27233020371,963.35663424106,335.64390939213,0,1050.6096541918,512.5922111956,1458.7244720227,2002.7832997238,1417.3345597891,2253.7449911673,2172.1220276011,1437.1811512452],[105.98657763985,923.59731943295,201.73083310356,1821.5931746169,868.95678472453,263.76428541385,233.24886564911,148.66947978054,783.63186627535,1571.4027237741,1481.4503617211,822.19389630661,755.04454801217,266.33508741594,333.02169135,232.83753732878,500.71510594597,944.76973576599,383.89786297125,1277.4572228557,1303.8079433771,336.38944197274,311.6840347327,336.38944197274,1316.2506250672,308.80473649037,567.94157830047,557.2470419718,1975.4299664216,918.18764306444,1050.6096541918,0,1531.4010446216,2477.5075974287,3021.5664251298,2436.1433932152,3272.5281165733,3190.9308610271,2455.9899846713],[1589.7986645977,863.03356078161,1380.4949670993,322.68706730163,1288.6659195848,1364.0161262659,1313.2170787047,1640.8400858503,2275.8024723452,72.496616458778,56.09489968548,959.83463549821,961.60848887965,1275.4777053141,1524.6398353561,1333.0893781808,1992.8857120158,2315.4185311973,1776.6812636405,278.44356484575,259.16254983012,1828.5600480425,1803.8546408025,1828.5600480425,223.78831428144,1309.5408318417,2060.1121843703,1028.0637206335,718.87336384284,816.43529982194,512.5922111956,1531.4010446216,0,978.60149011342,1522.6860258346,937.23728589989,1773.622009258,1692.0247537118,957.08387735598],[2543.6778633563,1801.7718198774,2326.6272279264,667.43161578114,2234.7724723919,2310.148387093,2259.3493395318,2586.9723466774,3221.9347331723,912.14625835954,1026.8040276525,1905.9668963253,1907.7407497067,2221.60